200.008987427
200.020202637
200.030914307
200.035018921
200.05128479
200.074417114
200.076553345
200.08013916
200.082580566
200.144470215
200.146972656
200.164138794
200.165664673
200.171401978
200.236175537
200.295089722
200.312866211
200.389862061
200.39289856
200.403839111
200.408294678
200.436843872
200.462417603
200.496536255
200.504577637
200.551956177
200.580596924
200.584320068
200.680389404
200.722381592
200.773681641
200.845687866
200.853088379
200.865844727
200.869033813
200.870330811
200.890686035
200.902740479
200.906890869
200.922668457
200.946380615
200.950393677
200.957336426
200.969573975
201.023147583
201.023681641
201.060012817
201.066772461
201.107070923
201.109771729
201.110992432
201.123306274
201.182113647
201.185073853
201.192520142
201.274642944
201.28704834
201.3046875
201.306015015
201.342041016
201.387512207
201.405685425
201.411087036
201.417556763
201.42779541
201.430526733
201.431716919
201.433029175
201.488037109
201.498153687
201.532501221
201.542922974
201.554367065
201.57359314
201.573974609
201.600891113
201.655487061
201.688354492
201.696609497
201.706893921
201.719528198
201.736984253
201.742904663
201.7759552
201.812561035
201.824401855
201.835494995
201.839065552
201.855239868
201.88999939
201.890823364
201.898391724
201.920608521
201.950836182
201.966033936
201.968521118
201.970016479
201.980941772
201.999710083
202.000457764
202.015731812
202.020904541
202.028671265
202.036560059
202.056625366
202.073181152
202.106033325
202.191390991
202.224227905
202.231887817
202.246627808
202.246917725
202.268783569
202.273788452
202.295135498
202.308731079
202.309280396
202.315628052
202.318786621
202.336395264
202.345352173
202.356491089
202.368621826
202.398910522
202.432571411
202.436752319
202.449554443
202.478775024
202.498641968
202.575637817
202.586929321
202.623504639
202.699172974
202.720336914
202.722503662
202.73739624
202.739379883
202.776672363
202.783630371
202.791534424
202.80317688
202.861434937
202.899688721
202.901809692
202.908752441
202.909683228
202.930633545
202.973236084
203.000015259
203.043258667
203.122528076
203.127090454
203.15814209
203.167007446
203.244842529
203.268585205
203.28894043
203.312561035
203.336135864
203.347335815
203.359634399
203.361358643
203.369903564
203.407821655
203.441436768
203.480163574
203.526550293
203.540267944
203.608184814
203.635848999
203.66444397
203.694839478
203.702453613
203.72328186
203.805236816
203.824829102
203.829940796
203.845077515
203.88117981
203.889160156
203.901916504
203.935714722
203.94972229
203.953567505
203.956436157
203.963134766
203.978561401
203.989761353
203.991943359
204.000564575
204.032516479
204.050369263
204.079055786
204.099716187
204.122116089
204.146133423
204.148040771
204.150634766
204.155136108
204.225814819
204.238342285
204.241027832
204.360717773
204.406967163
204.41229248
204.43687439
204.437072754
204.448883057
204.46434021
204.487945557
204.5103302
204.51574707
204.521499634
204.52897644
204.557266235
204.566223145
204.59437561
204.596466064
204.628463745
204.640930176
204.654922485
204.738174438
204.761581421
204.802810669
204.851699829
204.855865479
204.856369019
204.915084839
204.939804077
204.966293335
205.012008667
205.039245605
205.066589355
205.151275635
205.198791504
205.208023071
205.216323853
205.247421265
205.26449585
205.318572998
205.328567505
205.345275879
205.388000488
205.433517456
205.451705933
205.474380493
205.58631897
205.599395752
205.612472534
205.624893188
205.63583374
205.686096191
205.690795898
205.701644897
205.707290649
205.725509644
205.772384644
205.837524414
205.859405518
205.877426147
205.891494751
205.901275635
205.951263428
205.970153809
205.977615356
206.003509521
206.008651733
206.075378418
206.098510742
206.101638794
206.131698608
206.132965088
206.137023926
206.137237549
206.144332886
206.199066162
206.20451355
206.221343994
206.231903076
206.263549805
206.276702881
206.289825439
206.33531189
206.383911133
206.448562622
206.460449219
206.489471436
206.494934082
206.517059326
206.51802063
206.54649353
206.54850769
206.557098389
206.587890625
206.589996338
206.668838501
206.672958374
206.676025391
206.720321655
206.743209839
206.753341675
206.770767212
206.816482544
206.84715271
206.906784058
206.917526245
206.962112427
206.979385376
206.993118286
206.999130249
207.017105103
207.061904907
207.06590271
207.142166138
207.14390564
207.15423584
207.157089233
207.16758728
207.167785645
207.175201416
207.193450928
207.197509766
207.259841919
207.359771729
207.360855103
207.367431641
207.398880005
207.433181763
207.469833374
207.534881592
207.551208496
207.569000244
207.583602905
207.607208252
207.613845825
207.620864868
207.637710571
207.66734314
207.671173096
207.679046631
207.721084595
207.752090454
207.767654419
207.78678894
207.815246582
207.830062866
207.844970703
207.859237671
207.860351562
207.885696411
207.887573242
207.90713501
207.92855835
207.970001221
207.981369019
208.009735107
208.020965576
208.104278564
208.166519165
208.177047729
208.209732056
208.232727051
208.256103516
208.311828613
208.325927734
208.50843811
208.518447876
208.528701782
208.534194946
208.555770874
208.586654663
208.590194702
208.605560303
208.631408691
208.670730591
208.674209595
208.732330322
208.734298706
208.741546631
208.777893066
208.796508789
208.870391846
208.891784668
208.9506073
208.954650879
209.021118164
209.070846558
209.087646484
209.159606934
209.185668945
209.233718872
209.256195068
209.267883301
209.290542603
209.293823242
209.306686401
209.327575684
209.334625244
209.35168457
209.450469971
209.575531006
209.620864868
209.671539307
209.675613403
209.679168701
209.726928711
209.755783081
209.768692017
209.790634155
209.821258545
209.865539551
209.87991333
209.928146362
209.934616089
209.937713623
209.94493103
209.960006714
210.0050354
210.018569946
210.032714844
210.039520264
210.04258728
210.069290161
210.092071533
210.129974365
210.134933472
210.164245605
210.184020996
210.197280884
210.246292114
210.306900024
210.314071655
210.344436646
210.364807129
210.412338257
210.462524414
210.521347046
210.522537231
210.587783813
210.638122559
210.672546387
210.736312866
210.761810303
210.762374878
210.839065552
210.851974487
210.853500366
210.860305786
210.895248413
210.910980225
210.962722778
210.973999023
210.984771729
210.997177124
210.998962402
211.043167114
211.046783447
211.093811035
211.10508728
211.106719971
211.130737305
211.168365479
211.178405762
211.185195923
211.217315674
211.228668213
211.291763306
211.296508789
211.307769775
211.319168091
211.471786499
211.476379395
211.478942871
211.531112671
211.561828613
211.567321777
211.589157104
211.601974487
211.607513428
211.63923645
211.6640625
211.726257324
211.750411987
211.831253052
211.83380127
211.865493774
211.883056641
211.885955811
211.886001587
211.956832886
211.966918945
211.990692139
212.024154663
212.038467407
212.061828613
212.085083008
212.09362793
212.095367432
212.158050537
212.173171997
212.1925354
212.201919556
212.206436157
212.211791992
212.281356812
212.287094116
212.307022095
212.307907104
212.367340088
212.37449646
212.501480103
212.517349243
212.522781372
212.544448853
212.59576416
212.609100342
212.657363892
212.674987793
212.727020264
212.766601562
212.814315796
212.823287964
212.86378479
212.873947144
212.944976807
212.949798584
212.979797363
213.000015259
213.004882812
213.043212891
213.074966431
213.103973389
213.157821655
213.163146973
213.192779541
213.196105957
213.351898193
213.353851318
213.384124756
213.400039673
213.420120239
213.439666748
213.442596436
213.460601807
213.486709595
213.494445801
213.507278442
213.550018311
213.563262939
213.572280884
213.587799072
213.60697937
213.770736694
213.810531616
213.821472168
213.825286865
213.840118408
213.840408325
213.861434937
213.876647949
213.882827759
213.888031006
213.889877319
213.91053772
213.935821533
213.957061768
213.978149414
214.025161743
214.027328491
214.03427124
214.036880493
214.04838562
214.092102051
214.125793457
214.135101318
214.144210815
214.144699097
214.160293579
214.167953491
214.248443604
214.294845581
214.41343689
214.495178223
214.560958862
214.582733154
214.643676758
214.664932251
214.780227661
214.815628052
214.823348999
214.844802856
214.852111816
214.887771606
214.90045166
214.926940918
214.949417114
214.96963501
214.977096558
214.978363037
214.988800049
215.11781311
215.12840271
215.197265625
215.235748291
215.2394104
215.254058838
215.264328003
215.29624939
215.314743042
215.344619751
215.424026489
215.427093506
215.43611145
215.55657959
215.564758301
215.58140564
215.616653442
215.678787231
215.74609375
215.810409546
215.829772949
215.831375122
215.885406494
215.890655518
215.917953491
215.935302734
215.962356567
215.964401245
215.99911499
216.018936157
216.059158325
216.088394165
216.124832153
216.182632446
216.199310303
216.253860474
216.274856567
216.274856567
216.286102295
216.294281006
216.309509277
216.329483032
216.342254639
216.426300049
216.438034058
216.531890869
216.533615112
216.550506592
216.550552368
216.556137085
216.598220825
216.600021362
216.616470337
216.617324829
216.638519287
216.666824341
216.694320679
216.699142456
216.733978271
216.734085083
216.734848022
216.787521362
216.79927063
216.85559082
216.857147217
216.88319397
216.892959595
216.900238037
216.900543213
216.914398193
216.92300415
216.985717773
216.987197876
217.008682251
217.029083252
217.101119995
217.111938477
217.178024292
217.192596436
217.262237549
217.293533325
217.3256073
217.367202759
217.401641846
217.418914795
217.490890503
217.530792236
217.607315063
217.647125244
217.661239624
217.665161133
217.692687988
217.759902954
217.788040161
217.789672852
217.794006348
217.804428101
217.816207886
217.902526855
218.011978149
218.052886963
218.086654663
218.098632812
218.201202393
218.211776733
218.245010376
218.369125366
218.430221558
218.555923462
218.592208862
218.615509033
218.640869141
218.653213501
218.669281006
218.678665161
218.709533691
218.865463257
218.941375732
218.942962646
218.949783325
218.951965332
218.968322754
219.01260376
219.013031006
219.02041626
219.093780518
219.093948364
219.103118896
219.167190552
219.168258667
219.188293457
219.208618164
219.449279785
219.462463379
219.463562012
219.512008667
219.512939453
219.575134277
219.589660645
219.631820679
219.643157959
219.678314209
219.6900177
219.822250366
219.82371521
219.839904785
219.84552002
219.885269165
219.888168335
219.959411621
219.960388184
219.981323242
220.027130127
220.079925537
220.104522705
220.107528687
220.157150269
220.174545288
220.206726074
220.235244751
220.236541748
220.274780273
220.278533936
220.278961182
220.286254883
220.308547974
220.317550659
220.325271606
220.352096558
220.380493164
220.382141113
220.385726929
220.40473938
220.428710938
220.459320068
220.483383179
220.539352417
220.550338745
220.612030029
220.693099976
220.757995605
220.761245728
220.776184082
220.797744751
220.815246582
220.825149536
220.842208862
220.853561401
220.924118042
220.994598389
221.025421143
221.13458252
221.215942383
221.243606567
221.335449219
221.353942871
221.417480469
221.443084717
221.453643799
221.458023071
221.461517334
221.469741821
221.528747559
221.554718018
221.609268188
221.629348755
221.682495117
221.690261841
221.760101318
221.82383728
221.860610962
221.943786621
221.955734253
221.997161865
222.024093628
222.062591553
222.075057983
222.101715088
222.106262207
222.163665771
222.172439575
222.234939575
222.270751953
222.287307739
222.308822632
222.35206604
222.370986938
222.495803833
222.605743408
222.639648438
222.685394287
222.723144531
222.768493652
222.791809082
222.883728027
222.888168335
222.952270508
222.962265015
222.990081787
223.013168335
223.051712036
223.083953857
223.087722778
223.120819092
223.122634888
223.131164551
223.144744873
223.162200928
223.167724609
223.232620239
223.284957886
223.285064697
223.306854248
223.321609497
223.330688477
223.344085693
223.385360718
223.402236938
223.43157959
223.514831543
223.522201538
223.722686768
223.793304443
223.80380249
223.804901123
223.835235596
223.908477783
224.018249512
224.030685425
224.054092407
224.064041138
224.091918945
224.09967041
224.20703125
224.233718872
224.32975769
224.462310791
224.512695312
224.548995972
224.590606689
224.678771973
224.700164795
224.702987671
224.787918091
224.835800171
224.85055542
224.879425049
224.895492554
224.896957397
224.942718506
224.995498657
225.023910522
225.044128418
225.058822632
225.075836182
225.163208008
225.223297119
225.261444092
225.305297852
225.356994629
225.413772583
225.462249756
225.494369507
225.561553955
225.578079224
225.602096558
225.620605469
225.657867432
225.670013428
225.670181274
225.696136475
225.710235596
225.710494995
225.807876587
225.830886841
225.834594727
225.837249756
225.844070435
225.872940063
225.910720825
225.912460327
225.922897339
225.927368164
226.019454956
226.019790649
226.032989502
226.042861938
226.046783447
226.064025879
226.17729187
226.191818237
226.216461182
226.216918945
226.220779419
226.295379639
226.317016602
226.328704834
226.347366333
226.373275757
226.491622925
226.544540405
226.666854858
226.69442749
226.73588562
226.748092651
226.748214722
226.765365601
226.798461914
226.87701416
226.952484131
226.968460083
226.977920532
227.008056641
227.016082764
227.023544312
227.029556274
227.090072632
227.113952637
227.132247925
227.152297974
227.165405273
227.233276367
227.27180481
227.274139404
227.277954102
227.298614502
227.383987427
227.393280029
227.442825317
227.460662842
227.54397583
227.64050293
227.681213379
227.693908691
227.698196411
227.724151611
227.738983154
227.746658325
227.761138916
227.764221191
227.783477783
227.817245483
227.897293091
227.9034729
227.92906189
227.933898926
227.965133667
228.037475586
228.04258728
228.046630859
228.100387573
228.117034912
228.130828857
228.138763428
228.145614624
228.155883789
228.179168701
228.186920166
228.234924316
228.300918579
228.316848755
228.346435547
228.499984741
228.513748169
228.55947876
228.585922241
228.614700317
228.651123047
228.682891846
228.742218018
228.756011963
228.798446655
228.816070557
228.832183838
228.965194702
228.998123169
229.023651123
229.072753906
229.150436401
229.212722778
229.220962524
229.274841309
229.277740479
229.349304199
229.415466309
229.437591553
229.487869263
229.498168945
229.544815063
229.599395752
229.607284546
229.680755615
229.738388062
229.74621582
229.796768188
229.800643921
229.808441162
229.824493408
229.898574829
229.909332275
229.918731689
229.926010132
229.952041626
229.992828369
230.08039856
230.100280762
230.160644531
230.185150146
230.212997437
230.246246338
230.258850098
230.259780884
230.364105225
230.384796143
230.405822754
230.494934082
230.507659912
230.507858276
230.529602051
230.565750122
230.566879272
230.600646973
230.607818604
230.618331909
230.620071411
230.629257202
230.668838501
230.721389771
230.833114624
230.844360352
230.892852783
230.911972046
230.93309021
230.983428955
230.995040894
231.045059204
231.051589966
231.058883667
231.12663269
231.142623901
231.208328247
231.517120361
231.52015686
231.52432251
231.547973633
231.566177368
231.638137817
231.653396606
231.703430176
231.741821289
231.752090454
231.814086914
231.872695923
231.87487793
231.982910156
232.156707764
232.176773071
232.210540771
232.248153687
232.291915894
232.335601807
232.342315674
232.357452393
232.358093262
232.375656128
232.388092041
232.393112183
232.449752808
232.463653564
232.466522217
232.472290039
232.497009277
232.558013916
232.578582764
232.582946777
232.605026245
232.625961304
232.676345825
232.710128784
232.716629028
232.766174316
232.780151367
232.835479736
232.837005615
232.939498901
232.953140259
232.979614258
233.006744385
233.024963379
233.067352295
233.09475708
233.172698975
233.31652832
233.360549927
233.441116333
233.447097778
233.474853516
233.477310181
233.509613037
233.511352539
233.575653076
233.624588013
233.644729614
233.688934326
233.724487305
233.788726807
233.802993774
233.842758179
233.908050537
234.031173706
234.08770752
234.138702393
234.264129639
234.284729004
234.328140259
234.410690308
234.420227051
234.444763184
234.515716553
234.638656616
234.668167114
234.698944092
234.745040894
234.769927979
234.846084595
234.85345459
234.859741211
234.87600708
234.977767944
234.983932495
235.064941406
235.092697144
235.128768921
235.141616821
235.177658081
235.185012817
235.188705444
235.246383667
235.259475708
235.346328735
235.39503479
235.479705811
235.521331787
235.537445068
235.562988281
235.587173462
235.603210449
235.800140381
235.850006104
235.880569458
235.948074341
235.970993042
236.00680542
236.026123047
236.244293213
236.323791504
236.328308105
236.355300903
236.501220703
236.585784912
236.680374146
236.704772949
236.711105347
236.769500732
236.792617798
236.829147339
236.856124878
236.856216431
236.900588989
236.902420044
237.032043457
237.046798706
237.081726074
237.121795654
237.134506226
237.168304443
237.187088013
237.187194824
237.215042114
237.239227295
237.246627808
237.328231812
237.331100464
237.517745972
237.643493652
237.64692688
237.692581177
237.707778931
237.770736694
237.806427002
237.861373901
237.868804932
237.895996094
237.921920776
237.929977417
237.959396362
238.007217407
238.012420654
238.016189575
238.032287598
238.094009399
238.100799561
238.118606567
238.174972534
238.189804077
238.192657471
238.24786377
238.260238647
238.334243774
238.438812256
238.462524414
238.496734619
238.501235962
238.615402222
238.674514771
238.714569092
238.746429443
238.772323608
238.811401367
238.824630737
238.824966431
238.859451294
238.873916626
238.99446106
238.996734619
239.053634644
239.056716919
239.201049805
239.210678101
239.320648193
239.365432739
239.394226074
239.443313599
239.508087158
239.53338623
239.543487549
239.553710938
239.617767334
239.663528442
239.702911377
239.803894043
239.913269043
239.95930481
239.959838867
239.977005005
240.055633545
240.093139648
240.12046814
240.220947266
240.225708008
240.251724243
240.377761841
240.501968384
240.530273438
240.606063843
240.616775513
240.625640869
240.625900269
240.680084229
240.697235107
240.726318359
240.922714233
241.075759888
241.083969116
241.148605347
241.274658203
241.351867676
241.355545044
241.376541138
241.414047241
241.5105896
241.572906494
241.592071533
241.623382568
241.650009155
241.705612183
241.722549438
241.839385986
241.850708008
241.852752686
241.889663696
241.914123535
241.958389282
242.07875061
242.19934082
242.260726929
242.315185547
242.345870972
242.420928955
242.43069458
242.43788147
242.583633423
242.71031189
242.743164062
242.759094238
242.846435547
242.932922363
242.937423706
243.033218384
243.200531006
243.210845947
243.240020752
243.298553467
243.344802856
243.347412109
243.368759155
243.375427246
243.411895752
243.414306641
243.446655273
243.475067139
243.492935181
243.514434814
243.55015564
243.596282959
243.599075317
243.663223267
243.67755127
243.835754395
243.86895752
243.954330444
243.96081543
244.012237549
244.144577026
244.192245483
244.223953247
244.234481812
244.281707764
244.294250488
244.327087402
244.420074463
244.441345215
244.633422852
244.63343811
244.664367676
244.69708252
244.737930298
244.743545532
244.813446045
244.831741333
244.872467041
244.970458984
245.033584595
245.08366394
245.108963013
245.153289795
245.199615479
245.323181152
245.340011597
245.52230835
245.556427002
245.640823364
245.737884521
245.826751709
245.838699341
245.87789917
245.88470459
245.991622925
246.036376953
246.045791626
246.054916382
246.072036743
246.091598511
246.108688354
246.112289429
246.122665405
246.144363403
246.150314331
246.151733398
246.24407959
246.247421265
246.26701355
246.294128418
246.346618652
246.405654907
246.533828735
246.54234314
246.555786133
246.590377808
246.612976074
246.656784058
246.658569336
246.667617798
246.857635498
246.858520508
246.950653076
246.96081543
246.981658936
247.056930542
247.122894287
247.175292969
247.234115601
247.387176514
247.401092529
247.485214233
247.526092529
247.705200195
247.757583618
247.779846191
247.853683472
247.879074097
247.883087158
247.894882202
248.01335144
248.128234863
248.129669189
248.130889893
248.157073975
248.19934082
248.235290527
248.253814697
248.297485352
248.429107666
248.490341187
248.494400024
248.56477356
248.659759521
248.660705566
248.670501709
248.69039917
248.722885132
248.758148193
248.802490234
248.838302612
248.850631714
248.967041016
248.992965698
249.01725769
249.019241333
249.020751953
249.078018188
249.196563721
249.258407593
249.398666382
249.432312012
249.481933594
249.483261108
249.490142822
249.492202759
249.516281128
249.557113647
249.613433838
249.720245361
249.740600586
249.769561768
249.869354248
249.889694214
250.114562988
250.139938354
250.285934448
250.289474487
250.469573975
250.544113159
250.648925781
250.651992798
250.811187744
250.844314575
250.881195068
250.926315308
250.955001831
250.96307373
251.073425293
251.099945068
251.249740601
251.303222656
251.303588867
251.404006958
251.508956909
251.511901855
251.55871582
251.560791016
251.635772705
251.644393921
251.684173584
251.718429565
251.75227356
251.820266724
251.821456909
251.912796021
251.919311523
251.956039429
252.015975952
252.021911621
252.173538208
252.278778076
252.32901001
252.387893677
252.416244507
252.425994873
252.620956421
252.647064209
252.680053711
252.81703186
252.891983032
252.93359375
252.939697266
252.95552063
253.061187744
253.18762207
253.229492188
253.24887085
253.32925415
253.474639893
253.637008667
253.647918701
253.698898315
253.726669312
253.743728638
253.817001343
253.866744995
253.888458252
253.924942017
253.93359375
253.977798462
253.984848022
254.067138672
254.069778442
254.101882935
254.222686768
254.31237793
254.363067627
254.442520142
254.446868896
254.471908569
254.549118042
254.619308472
254.690841675
254.808822632
254.961761475
255.034011841
255.114212036
255.122741699
255.155700684
255.160293579
255.180892944
255.288253784
255.298965454
255.345718384
255.356933594
255.361053467
255.418548584
255.448516846
255.478607178
255.487319946
255.539031982
255.540786743
255.555099487
255.687194824
255.725540161
255.743118286
255.812698364
255.906692505
255.950912476
256.002929688
256.037567139
256.102172852
256.147583008
256.164215088
256.193023682
256.208587646
256.244781494
256.263031006
256.284545898
256.321289062
256.353881836
256.36630249
256.399353027
256.457275391
256.492248535
256.517242432
256.526000977
256.572845459
256.577453613
256.608734131
256.668121338
256.840423584
256.935455322
256.96182251
256.968353271
256.978759766
257.139984131
257.226165771
257.25769043
257.297454834
257.373443604
257.418182373
257.525634766
257.566192627
257.588867188
257.619140625
257.673706055
257.728668213
257.73828125
257.789031982
257.856719971
257.989532471
257.994049072
258.15512085
258.22076416
258.245239258
258.273162842
258.316253662
258.378173828
258.44418335
258.519989014
258.555786133
258.57913208
258.620758057
258.661743164
258.663116455
258.781402588
258.927764893
259.059692383
259.064361572
259.091156006
259.103393555
259.132019043
259.158416748
259.176422119
259.192596436
259.222930908
259.240997314
259.351196289
259.401153564
259.478729248
259.526092529
259.610656738
259.611877441
259.675598145
259.757324219
259.807373047
259.828613281
259.843383789
259.846893311
259.858917236
259.860076904
259.948852539
260.040527344
260.071411133
260.119293213
260.260162354
260.320526123
260.353302002
260.369934082
260.373718262
260.391143799
260.485809326
260.729675293
260.759429932
260.779449463
260.792907715
260.796447754
260.872070312
260.928070068
261.12387085
261.367736816
261.386383057
261.444641113
261.679748535
261.700653076
261.722198486
261.727844238
261.790466309
261.800170898
261.882751465
261.888519287
261.919372559
262.054870605
262.081390381
262.158447266
262.238250732
262.263519287
262.287628174
262.293151855
262.305786133
262.506958008
262.509552002
262.553131104
262.665039062
262.693603516
262.795227051
262.970977783
263.081695557
263.091094971
263.226623535
263.234039307
263.319396973
263.422058105
263.472991943
263.487731934
263.495452881
263.500274658
263.886688232
263.952697754
264.036102295
264.063751221
264.106414795
264.198425293
264.396179199
264.481079102
264.553283691
264.578125
264.644439697
264.720825195
264.731719971
264.786651611
264.809112549
264.966094971
265.03805542
265.039886475
265.073608398
265.092163086
265.10256958
265.203460693
265.328918457
265.360412598
265.403564453
265.453948975
265.460968018
265.528259277
265.651062012
265.669830322
265.690704346
265.74710083
265.758422852
265.856323242
266.010986328
266.037231445
266.131225586
266.260040283
266.285095215
266.375244141
266.415893555
266.499755859
266.554626465
266.626525879
266.698028564
266.745880127
266.751800537
266.754943848
266.788024902
266.990081787
267.012390137
267.087341309
267.180023193
267.211761475
267.273864746
267.300476074
267.353637695
267.374450684
267.38079834
267.464599609
267.51260376
267.516998291
267.599395752
267.65713501
267.69329834
267.977325439
268.028106689
268.050140381
268.162261963
268.253936768
268.279724121
268.304107666
268.320404053
268.344177246
268.48739624
268.690429688
268.723876953
268.737945557
268.762023926
269.013519287
269.038879395
269.043670654
269.199523926
269.254699707
269.303649902
269.339508057
269.549865723
269.583343506
269.598388672
269.700683594
269.725402832
269.750732422
269.757598877
269.801239014
269.964935303
270.112243652
270.13583374
270.177856445
270.190246582
270.288208008
270.313598633
270.344085693
270.350128174
270.360198975
270.50088501
270.676940918
270.812255859
270.83581543
270.871582031
270.905639648
270.92401123
270.982543945
271.2371521
271.277099609
271.292449951
271.311157227
271.313995361
271.415649414
271.545349121
271.594024658
271.624053955
271.651153564
271.746246338
271.967224121
271.99621582
272.010437012
272.083618164
272.103485107
272.140136719
272.183868408
272.262145996
272.297729492
272.364532471
272.434661865
272.461456299
272.526000977
272.527923584
272.684509277
272.700469971
272.714630127
272.739990234
272.988494873
273.014251709
273.01763916
273.213134766
273.259796143
273.346252441
273.365478516
273.387298584
273.446746826
273.454925537
273.472137451
273.549041748
273.634490967
273.672088623
273.687988281
273.699798584
273.706115723
273.775848389
273.840881348
273.875823975
273.895904541
273.919403076
274.178710938
274.224304199
274.430053711
274.487365723
274.512969971
274.650146484
274.710357666
274.723022461
274.850219727
274.858276367
274.942352295
274.950714111
274.95614624
274.976867676
275.067047119
275.100738525
275.119354248
275.177856445
275.190093994
275.319793701
275.493041992
275.621246338
275.691253662
275.706298828
275.761535645
275.774963379
275.828338623
275.845458984
275.962219238
276.109985352
276.308959961
276.329528809
276.444641113
276.453613281
276.548309326
276.64175415
276.696350098
276.703643799
276.724060059
276.743499756
276.804748535
276.931274414
276.960296631
277.039703369
277.123931885
277.338989258
277.382843018
277.392486572
277.457458496
277.524993896
277.625976562
277.652374268
277.777923584
277.832366943
277.843383789
277.942596436
278.276245117
278.287445068
278.338592529
278.41619873
278.47277832
278.569458008
278.934020996
279.047546387
279.162780762
279.176696777
279.505310059
279.528167725
279.669708252
279.674743652
279.694396973
279.83883667
279.889373779
279.921447754
279.97668457
279.996154785
280.137390137
280.289428711
280.351959229
280.35345459
280.518188477
280.561340332
280.564758301
280.568725586
280.578063965
280.852478027
281.069702148
281.255279541
281.45513916
281.476257324
281.674530029
281.793640137
281.858673096
281.867034912
282.011199951
282.215454102
282.247283936
282.261444092
282.331695557
282.431335449
282.4921875
282.553771973
282.576629639
282.579467773
282.724609375
282.792938232
282.846557617
282.95916748
283.086181641
283.093292236
283.143005371
283.154663086
283.225738525
283.366577148
283.522125244
283.558013916
283.656219482
283.814422607
284.00982666
284.044403076
284.057281494
284.146850586
284.272247314
284.297271729
284.362121582
284.421966553
284.423431396
284.509643555
284.554748535
284.604248047
284.711608887
284.929962158
284.93862915
284.954681396
284.975921631
285.02947998
285.066833496
285.094268799
285.197143555
285.215270996
285.280395508
285.359954834
285.375579834
285.63482666
285.772460938
285.980804443
285.980926514
286.03515625
286.048278809
286.569030762
286.638183594
286.653839111
286.741027832
286.814300537
286.847412109
286.907409668
287.016021729
287.105041504
287.357391357
287.389678955
287.394958496
287.678314209
287.688842773
287.725189209
287.818664551
287.957885742
288.222320557
288.340606689
288.427520752
288.480194092
288.48046875
288.656188965
288.657989502
288.807373047
288.852600098
289.007659912
289.175476074
289.275543213
289.380859375
289.406219482
289.456329346
289.464782715
289.474273682
289.621307373
290.059387207
290.079345703
290.132415771
290.16027832
290.174407959
290.281005859
290.453918457
290.521697998
290.53717041
290.770782471
290.844268799
290.846313477
290.860046387
291.067749023
291.180541992
291.306152344
291.736724854
291.925445557
291.974731445
291.995452881
292.045318604
292.114532471
292.193786621
292.310424805
292.505645752
292.515777588
292.61315918
292.666137695
292.811889648
292.937103271
292.98916626
293.036346436
293.089233398
293.160614014
293.301300049
293.398712158
293.466400146
293.753662109
293.763183594
293.789611816
293.933807373
294.059875488
294.264770508
294.313140869
294.368865967
294.44140625
294.447814941
294.857452393
294.859771729
295.146759033
295.213226318
295.375640869
295.398803711
295.73248291
295.76184082
295.857543945
295.858215332
295.99420166
296.062927246
296.087310791
296.176177979
296.289123535
296.554016113
296.569549561
296.625427246
296.71484375
296.75793457
296.858062744
296.89642334
297.049926758
298.018768311
298.411346436
298.432952881
298.536651611
298.768737793
298.780670166
298.858978271
299.141662598
299.152557373
299.216430664
299.22052002
299.514373779
299.569610596
299.763793945
299.842803955
299.903533936
300.13873291
300.279266357
300.375823975
300.461730957
300.511108398
300.579711914
300.590545654
300.60635376
300.772521973
300.900512695
300.925018311
301.056427002
301.125640869
301.281188965
301.402038574
301.448944092
301.576324463
301.616973877
301.636688232
301.715484619
301.774780273
301.843017578
301.855102539
302.115447998
302.181427002
302.206481934
302.248840332
302.456237793
302.547485352
302.906311035
302.911560059
302.989715576
303.071868896
303.39453125
303.427581787
303.491546631
303.555114746
303.56842041
303.650878906
303.713104248
303.779388428
304.059082031
304.158233643
304.515228271
304.583984375
304.643554688
305.076507568
305.095703125
305.105895996
305.196655273
305.217559814
305.693359375
305.794586182
305.815002441
305.870544434
305.886199951
306.127349854
306.171936035
306.213165283
306.285064697
306.323120117
306.325286865
306.452667236
306.581329346
306.639404297
306.667694092
306.716522217
307.079376221
307.134490967
307.165344238
307.336151123
307.380889893
307.440429688
307.530792236
307.922912598
307.996917725
308.190917969
308.349822998
308.364532471
308.370513916
308.378417969
308.433319092
308.517303467
308.523651123
308.599304199
308.671661377
309.1328125
309.380767822
309.445922852
309.669189453
309.972869873
310.017303467
310.101989746
310.407745361
310.440887451
310.495544434
310.530456543
310.603820801
310.62487793
310.634429932
310.672485352
310.699920654
310.745941162
310.768341064
310.771850586
310.833282471
310.862579346
311.025177002
311.112365723
311.379455566
311.401184082
311.415924072
311.465881348
311.961425781
312.041137695
312.144195557
312.167388916
312.355163574
312.508300781
312.610321045
312.66998291
312.7237854
313.043670654
313.421020508
313.471893311
313.578033447
314.011993408
314.22088623
314.230224609
314.49029541
314.65133667
315.204528809
315.239868164
315.860015869
315.902374268
315.953308105
316.173553467
316.198425293
316.214447021
316.246704102
316.391723633
316.775665283
316.877960205
317.055175781
317.2265625
317.310668945
317.391662598
317.442871094
317.486419678
317.546356201
317.712341309
317.721557617
317.795349121
317.7996521
317.888580322
318.126312256
318.164154053
318.202728271
318.34967041
318.687652588
318.755523682
318.874725342
318.895721436
318.960510254
319.12902832
319.210327148
319.298095703
319.434265137
319.615844727
319.637878418
319.907287598
320.211456299
320.431671143
320.66583252
320.915039062
321.253387451
321.365600586
321.574676514
321.984832764
322.065490723
322.188659668
322.193023682
322.466796875
322.519866943
322.556396484
322.847930908
323.201385498
323.469055176
323.547027588
323.721374512
323.881835938
324.061645508
324.0965271
324.93347168
324.962799072
325.349456787
325.403137207
325.411529541
325.437469482
325.564727783
325.914825439
326.046875
326.110931396
326.131835938
326.208679199
326.263458252
326.332366943
326.431152344
326.438323975
326.611846924
326.772064209
326.880462646
326.900939941
327.16104126
327.258422852
327.615478516
327.944671631
327.946624756
327.968566895
328.023345947
328.041717529
328.338745117
328.34463501
328.355957031
328.36895752
328.711975098
328.784790039
328.828552246
328.858337402
329.437927246
329.450256348
329.516357422
329.938110352
330.121185303
330.410614014
330.552459717
330.574066162
330.761291504
330.949676514
331.132598877
331.196777344
331.219696045
331.272155762
331.459960938
331.58996582
331.752960205
332.009765625
332.051452637
332.329711914
332.468444824
332.925567627
333.054199219
333.176849365
333.232452393
333.402770996
333.497039795
333.694152832
333.738250732
333.84161377
334.005523682
334.222747803
334.331207275
334.715362549
334.833679199
334.891479492
334.935119629
334.958648682
335.056518555
335.425811768
335.460998535
335.477478027
335.591369629
335.883605957
335.95489502
336.164642334
336.263885498
336.275726318
336.58782959
336.657836914
336.884887695
336.901489258
337.011993408
337.070037842
337.32131958
337.631774902
338.038543701
338.158782959
338.221221924
338.697662354
338.820159912
338.921020508
339.201507568
339.436279297
339.587341309
339.817779541
339.9375
340.041503906
340.593658447
340.598937988
340.704071045
340.866363525
340.920623779
341.03616333
341.042419434
341.155975342
341.312286377
341.339385986
341.83215332
341.847320557
341.892120361
342.138793945
342.241607666
342.456390381
342.764587402
343.428161621
343.551879883
343.740081787
343.789093018
343.82208252
343.884521484
344.238922119
344.7081604
344.910095215
344.939453125
344.986755371
345.17098999
345.219696045
345.322143555
345.366027832
345.385803223
345.411590576
345.829315186
346.20022583
346.421661377
346.656646729
347.266723633
347.340087891
347.343566895
347.355163574
347.619567871
348.154785156
348.220977783
348.247009277
348.486938477
348.570526123
348.73815918
348.741485596
348.972747803
349.180114746
349.418273926
349.632202148
349.647338867
349.733642578
349.933563232
350.338623047
351.027587891
351.210968018
351.211120605
351.717468262
351.841003418
352.568817139
352.897338867
353.130218506
353.386413574
353.546112061
354.195343018
354.295135498
354.47088623
354.754577637
355.010681152
355.327331543
355.366546631
355.795562744
355.894622803
355.921295166
356.056121826
356.187774658
356.240692139
356.46496582
356.475585938
356.604736328
356.734283447
357.185668945
357.33392334
357.514556885
357.890563965
357.90045166
357.964019775
357.985565186
357.993408203
358.561737061
358.704742432
359.079864502
359.267059326
359.468963623
359.763275146
360.097961426
360.172668457
360.399200439
360.54208374
360.753326416
361.027587891
361.297241211
361.744384766
361.899780273
362.2109375
362.523498535
362.703765869
363.040374756
363.042816162
363.087890625
363.79309082
363.881164551
363.934295654
364.206970215
364.307617188
364.364624023
364.746185303
364.911071777
365.141204834
365.461364746
365.48538208
365.57409668
365.63381958
365.882904053
365.91998291
366.019775391
366.595825195
366.830291748
367.098266602
367.556762695
367.659637451
368.192108154
368.302429199
368.467346191
368.543640137
369.434204102
369.477508545
369.955596924
370.35723877
370.563934326
370.60534668
370.706634521
370.952270508
371.028625488
371.411468506
371.877563477
372.486907959
372.892852783
373.144134521
373.207611084
373.295959473
373.588928223
374.044830322
374.057556152
375.334625244
375.4012146
375.935241699
376.44354248
376.672302246
377.62020874
377.653442383
377.835723877
378.976898193
379.070831299
379.754180908
380.393096924
381.446014404
381.929962158
383.155853271
383.344055176
383.494537354
383.761199951
384.020019531
384.078216553
384.194030762
384.405975342
384.470367432
384.858123779
384.978424072
385.458465576
386.051727295
386.195922852
386.777404785
386.846710205
386.915496826
387.06628418
387.363342285
387.747924805
387.748687744
388.204101562
389.366333008
389.724517822
390.014648438
390.516418457
391.0652771
391.989349365
393.361755371
393.973571777
394.501312256
394.534240723
394.589019775
394.594268799
394.820922852
395.120391846
395.217193604
395.289978027
395.503753662
395.511810303
395.73135376
395.809295654
395.821380615
396.215118408
397.966217041
398.033599854
398.542785645
398.684814453
398.719543457
398.841308594
399.473846436
399.506439209
399.544036865
399.810699463
399.900817871
400.411407471
401.215148926
401.263641357
401.337493896
401.3828125
401.630889893
401.702789307
401.766723633
402.372650146
402.39755249
402.425476074
402.825775146
402.910736084
403.283752441
403.40447998
403.552124023
403.671722412
404.283294678
404.741210938
404.817108154
404.821411133
404.999755859
405.026153564
405.491638184
405.820739746
406.390075684
407.164520264
407.433654785
407.637390137
407.929504395
408.215179443
408.246337891
408.464233398
408.661956787
408.961334229
409.03326416
410.220916748
411.395477295
411.472869873
411.859313965
412.173278809
413.194885254
413.594604492
413.712432861
414.095611572
414.277984619
415.503875732
416.110626221
416.249755859
416.365478516
416.448425293
416.449432373
416.846557617
418.408294678
418.442504883
418.516693115
419.003936768
420.58782959
421.372955322
421.96383667
422.12210083
423.308380127
423.85256958
424.958190918
425.099334717
426.462432861
427.078186035
427.141906738
428.464080811
429.685455322
429.898284912
429.954681396
431.098083496
432.804840088
433.120025635
433.184020996
433.190612793
433.527435303
433.914001465
434.59967041
434.655090332
435.008758545
435.670684814
436.038360596
436.542602539
437.208770752
437.374816895
437.540557861
438.052124023
438.748779297
439.628967285
441.459075928
442.809204102
442.968811035
443.122070312
443.709747314
445.577301025
445.658569336
446.231842041
446.773803711
446.834014893
447.770599365
449.078643799
449.51651001
449.782958984
449.877044678
450.178619385
450.221557617
450.391662598
451.782501221
453.26171875
453.511413574
454.386108398
454.386932373
454.461181641
454.946350098
454.954162598
455.35067749
458.428466797
460.055450439
460.876647949
462.571594238
463.305389404
463.782958984
464.94039917
465.919006348
466.575195312
467.685272217
469.6434021
469.80770874
469.941375732
470.760040283
471.449951172
472.023468018
472.138031006
472.571044922
473.526611328
476.623321533
477.942352295
478.38470459
479.744628906
479.848968506
480.027801514
480.126281738
483.177154541
485.284515381
485.413879395
485.868835449
487.023529053
487.225219727
487.294677734
487.814941406
488.173858643
488.798980713
490.387390137
491.732513428
491.887695312
493.841064453
494.299621582
494.845153809
497.762512207
498.3175354
500.240905762
500.596405029
501.716461182
504.538726807
507.073852539
508.01083374
508.456054688
510.998962402
511.183258057
515.80670166
518.931152344
519.532104492
520.333068848
522.447570801
523.57409668
525.432556152
526.83026123
527.927429199
528.512084961
529.921142578
530.24230957
531.515625
533.05279541
536.487854004
536.668823242
538.771362305
539.456420898
539.497009277
542.578857422
548.596862793
549.331726074
552.345458984
553.375
555.955383301
556.07434082
556.938476562
558.48236084
558.712219238
559.419006348
561.015625
561.859558105
564.442687988
566.627258301
578.758117676
578.788757324
583.776489258
585.231994629
586.048095703
587.061645508
588.383666992
588.56048584
590.495727539
590.695495605
595.674438477
597.063842773
597.247741699
599.376831055
599.721496582
602.397460938
606.363891602
607.930969238
609.142028809
611.919799805
615.87097168
616.920532227
617.662658691
622.275695801
622.314880371
635.583129883
637.948181152
677.500610352
678.414550781
680.06842041
683.403869629
683.885986328
693.394775391
713.23449707
724.196777344
727.575683594
730.641662598
734.838928223
736.676025391
738.938110352
740.209777832
744.8671875
748.24597168
754.39465332
756.033874512
763.936645508
764.202880859
768.18762207
770.112121582
771.613891602
771.98828125
772.241394043
777.027038574
779.886169434
785.570617676
813.945983887
819.423706055
831.18737793
845.894226074
865.757019043
880.038391113
882.018066406
941.133666992
952.254882812
985.686096191
987.129699707
1125.57885742
1160.32299805
1242.05578613
1318.15527344
1357.35168457
