200.03944397
200.160690308
200.162231445
200.164855957
200.184738159
200.239868164
200.303710938
200.316833496
200.317687988
200.327163696
200.343383789
200.344924927
200.351547241
200.352645874
200.376113892
200.384521484
200.408706665
200.444320679
200.456695557
200.457290649
200.487060547
200.61932373
200.67036438
200.674346924
200.675476074
200.677139282
200.774536133
200.776489258
200.78302002
200.811187744
200.866165161
200.889129639
200.916442871
200.954101562
200.956222534
200.972961426
201.036422729
201.105026245
201.139282227
201.184326172
201.199005127
201.225753784
201.246292114
201.247161865
201.259216309
201.312835693
201.31413269
201.363952637
201.396728516
201.44078064
201.468856812
201.475814819
201.492248535
201.532501221
201.5415802
201.574356079
201.580963135
201.601242065
201.603179932
201.625823975
201.68081665
201.78742981
201.832321167
201.877426147
201.91835022
201.922607422
201.936889648
201.949188232
201.978469849
202.044631958
202.04473877
202.059768677
202.08631897
202.122619629
202.135253906
202.191619873
202.1927948
202.214050293
202.21534729
202.217803955
202.219207764
202.219238281
202.322402954
202.340560913
202.365188599
202.381546021
202.390426636
202.417282104
202.438217163
202.478759766
202.510635376
202.525695801
202.557159424
202.559509277
202.595993042
202.664199829
202.667877197
202.731643677
202.744659424
202.796844482
202.828674316
202.82875061
202.864547729
202.885375977
202.887756348
202.900695801
202.971923828
202.997772217
203.028594971
203.040313721
203.042495728
203.047454834
203.061828613
203.077407837
203.093963623
203.095535278
203.100463867
203.182647705
203.186798096
203.192733765
203.200942993
203.201889038
203.21131897
203.223312378
203.229187012
203.234466553
203.24206543
203.269729614
203.291992188
203.302017212
203.345672607
203.417892456
203.42729187
203.467544556
203.481048584
203.50541687
203.516571045
203.560028076
203.652481079
203.801086426
203.836959839
203.854019165
203.871505737
203.898712158
203.914871216
203.935272217
203.986251831
204.004592896
204.004638672
204.005828857
204.025405884
204.044967651
204.078277588
204.114242554
204.123687744
204.169677734
204.178695679
204.288299561
204.289978027
204.447402954
204.508560181
204.540206909
204.549728394
204.596572876
204.597259521
204.63381958
204.717590332
204.75718689
204.77243042
204.796585083
204.811584473
204.841110229
204.893325806
205.047180176
205.059539795
205.08404541
205.087402344
205.09588623
205.09992981
205.140319824
205.176742554
205.191802979
205.224594116
205.246139526
205.274002075
205.288696289
205.293441772
205.335708618
205.37701416
205.388839722
205.438446045
205.483139038
205.501708984
205.504257202
205.513244629
205.520278931
205.524536133
205.607040405
205.626312256
205.641998291
205.649185181
205.656021118
205.682937622
205.708984375
205.717010498
205.805847168
205.809997559
205.847640991
205.861984253
205.864501953
205.865371704
205.905654907
205.93812561
205.957107544
205.982147217
206.009933472
206.033279419
206.049301147
206.15057373
206.254211426
206.293701172
206.301620483
206.371078491
206.380325317
206.480041504
206.51991272
206.567687988
206.574752808
206.575912476
206.630813599
206.650085449
206.661056519
206.699752808
206.699981689
206.724121094
206.742370605
206.759262085
206.762908936
206.833190918
206.88092041
206.909606934
206.911849976
206.91998291
206.925338745
206.980743408
207.032501221
207.067520142
207.148269653
207.148513794
207.196014404
207.208984375
207.218795776
207.251876831
207.271591187
207.324752808
207.333206177
207.34437561
207.389160156
207.406051636
207.411697388
207.414733887
207.463577271
207.477981567
207.481216431
207.490951538
207.521209717
207.607391357
207.699554443
207.711486816
207.73274231
207.737594604
207.752975464
207.775878906
207.79624939
207.862823486
207.902740479
207.940841675
207.945709229
207.953948975
207.967010498
207.985794067
208.028778076
208.042724609
208.068466187
208.121063232
208.154632568
208.174926758
208.18182373
208.21812439
208.22088623
208.22479248
208.276367188
208.299575806
208.323104858
208.431762695
208.446578979
208.481781006
208.483932495
208.505249023
208.543304443
208.586364746
208.599243164
208.607650757
208.613555908
208.637557983
208.653396606
208.654373169
208.76789856
208.807067871
208.811889648
208.839691162
208.843307495
208.844436646
208.846420288
208.871459961
208.875793457
208.913589478
208.94543457
208.97517395
209.106628418
209.109909058
209.111221313
209.125320435
209.130996704
209.210174561
209.27796936
209.320892334
209.348190308
209.355102539
209.372802734
209.385971069
209.454666138
209.506011963
209.512283325
209.58694458
209.619171143
209.626205444
209.669662476
209.671340942
209.67791748
209.682250977
209.726348877
209.791610718
209.845077515
209.86958313
209.896652222
209.924713135
209.962158203
209.985061646
210.004241943
210.032196045
210.051345825
210.069137573
210.073120117
210.145675659
210.158203125
210.191925049
210.208816528
210.256561279
210.273605347
210.285308838
210.287811279
210.323959351
210.335678101
210.347732544
210.396713257
210.430435181
210.448913574
210.484771729
210.531112671
210.535125732
210.553268433
210.560211182
210.57371521
210.592727661
210.611114502
210.620620728
210.65725708
210.677352905
210.723083496
210.736877441
210.903152466
210.967453003
210.980117798
211.007949829
211.071624756
211.075271606
211.121444702
211.145065308
211.154830933
211.176361084
211.192077637
211.198135376
211.223236084
211.252868652
211.269668579
211.271072388
211.299163818
211.304397583
211.356277466
211.369384766
211.376586914
211.388214111
211.416519165
211.433517456
211.444671631
211.512298584
211.587127686
211.603469849
211.62109375
211.653549194
211.681411743
211.70614624
211.842697144
211.973754883
211.994888306
212.016525269
212.050476074
212.058120728
212.118515015
212.156829834
212.173568726
212.203903198
212.274581909
212.299072266
212.305953979
212.395828247
212.408508301
212.409454346
212.432388306
212.439575195
212.454742432
212.464981079
212.63822937
212.657836914
212.777099609
212.785751343
212.873260498
212.905593872
212.909515381
212.914489746
212.928909302
212.932052612
212.968170166
212.970733643
212.987289429
213.010437012
213.03062439
213.165710449
213.171310425
213.204315186
213.208740234
213.223876953
213.303268433
213.383422852
213.387359619
213.418914795
213.448883057
213.493423462
213.552825928
213.553894043
213.587234497
213.590301514
213.594390869
213.620651245
213.724105835
213.750183105
213.787109375
213.815673828
213.828964233
213.862930298
213.866760254
213.941192627
213.946029663
213.948303223
213.965026855
214.056747437
214.070144653
214.083129883
214.088439941
214.096008301
214.105880737
214.137298584
214.138046265
214.163299561
214.171920776
214.219833374
214.241271973
214.247558594
214.320892334
214.325775146
214.357421875
214.38381958
214.387130737
214.40914917
214.428329468
214.470291138
214.493347168
214.495849609
214.535125732
214.570205688
214.625915527
214.642242432
214.666702271
214.683517456
214.709060669
214.734420776
214.772003174
214.847320557
214.864868164
214.88168335
214.886199951
214.892562866
214.901290894
214.947296143
214.967453003
214.988494873
215.004714966
215.008544922
215.064880371
215.068847656
215.069732666
215.079666138
215.086578369
215.100494385
215.117843628
215.122955322
215.13861084
215.270248413
215.351776123
215.452392578
215.483627319
215.56137085
215.567260742
215.65322876
215.692718506
215.779891968
215.85105896
215.873931885
215.904571533
215.943893433
215.948150635
215.96635437
216.006332397
216.117553711
216.151550293
216.213912964
216.229049683
216.327590942
216.329116821
216.356307983
216.390899658
216.402877808
216.431304932
216.436965942
216.450454712
216.476776123
216.480895996
216.483108521
216.526382446
216.570541382
216.582778931
216.58454895
216.598373413
216.644088745
216.659637451
216.668792725
216.701965332
216.738616943
216.744903564
216.782073975
216.803405762
216.917877197
216.994094849
217.030181885
217.07119751
217.073364258
217.081573486
217.103515625
217.126525879
217.159500122
217.197723389
217.220779419
217.229873657
217.254898071
217.367843628
217.413894653
217.42515564
217.492095947
217.506713867
217.525238037
217.566604614
217.579193115
217.596572876
217.737457275
217.757339478
217.819122314
217.838027954
217.97038269
217.97177124
217.972717285
217.993286133
218.086929321
218.101745605
218.12272644
218.154251099
218.364318848
218.37449646
218.381591797
218.388870239
218.408309937
218.423339844
218.449081421
218.475524902
218.481918335
218.501586914
218.521530151
218.530181885
218.594421387
218.600845337
218.700469971
218.745498657
218.82951355
219.022293091
219.038009644
219.09703064
219.106994629
219.12147522
219.125640869
219.262008667
219.373825073
219.44644165
219.48135376
219.494750977
219.540710449
219.554504395
219.569412231
219.595703125
219.733566284
219.81199646
219.812789917
219.941864014
220.045272827
220.046600342
220.05291748
220.055831909
220.066268921
220.161300659
220.166519165
220.195983887
220.312789917
220.384857178
220.429397583
220.499404907
220.597137451
220.63520813
220.685287476
220.711700439
220.731933594
220.758956909
220.805130005
220.848388672
220.915481567
220.99407959
221.006942749
221.035415649
221.080032349
221.121612549
221.154815674
221.176849365
221.189453125
221.196960449
221.224243164
221.224563599
221.278305054
221.302963257
221.313644409
221.347061157
221.366394043
221.39263916
221.475769043
221.575546265
221.615768433
221.685836792
221.704803467
221.736999512
221.744247437
221.769943237
221.770248413
221.809539795
221.821212769
221.874008179
221.875869751
221.915039062
221.923477173
221.931915283
221.97505188
222.093292236
222.11630249
222.145874023
222.174850464
222.30418396
222.544326782
222.565658569
222.566513062
222.631469727
222.668777466
222.670669556
222.676147461
222.789550781
222.979187012
223.009643555
223.029830933
223.043045044
223.057128906
223.217697144
223.297851562
223.33972168
223.360443115
223.410964966
223.517669678
223.526611328
223.557327271
223.558166504
223.629119873
223.689483643
223.725067139
223.731506348
223.768630981
223.77003479
223.839294434
223.854476929
224.057662964
224.064666748
224.065643311
224.068588257
224.078765869
224.095291138
224.131072998
224.180084229
224.189041138
224.260894775
224.391708374
224.452468872
224.485122681
224.544281006
224.651031494
224.664260864
224.708190918
224.760955811
224.790603638
224.800231934
224.802124023
224.82170105
224.84362793
224.887512207
224.890350342
225.09727478
225.112014771
225.197113037
225.214691162
225.244857788
225.346450806
225.362823486
225.380401611
225.441329956
225.517028809
225.548736572
225.600845337
225.60534668
225.657440186
225.7449646
225.758865356
225.76461792
225.846389771
225.905609131
225.90852356
225.978103638
226.041778564
226.042480469
226.077438354
226.110656738
226.125579834
226.158279419
226.206726074
226.218673706
226.300338745
226.31010437
226.31602478
226.418167114
226.423431396
226.437774658
226.445114136
226.576660156
226.662231445
226.681549072
226.70489502
226.707168579
226.707504272
226.771850586
226.834701538
226.896606445
226.929931641
226.961578369
227.00440979
227.004592896
227.017028809
227.196929932
227.224807739
227.226715088
227.257125854
227.302658081
227.302719116
227.352539062
227.368118286
227.383117676
227.386398315
227.399490356
227.506149292
227.512481689
227.528411865
227.552246094
227.569198608
227.578582764
227.584838867
227.589950562
227.600524902
227.654373169
227.764831543
227.795440674
227.836044312
227.851638794
227.859313965
227.869110107
227.879455566
227.922393799
227.93510437
227.983383179
228.011444092
228.017837524
228.028701782
228.036819458
228.054046631
228.057723999
228.065307617
228.069732666
228.106887817
228.206390381
228.233840942
228.28225708
228.287033081
228.30065918
228.301742554
228.312988281
228.331954956
228.335708618
228.414962769
228.454864502
228.480514526
228.516876221
228.541763306
228.561721802
228.822113037
228.873275757
228.881851196
228.887619019
228.911956787
228.915206909
228.953643799
229.01210022
229.013687134
229.025375366
229.107254028
229.118743896
229.12828064
229.173858643
229.234817505
229.295761108
229.296417236
229.311935425
229.371658325
229.48866272
229.554748535
229.575042725
229.598617554
229.614990234
229.626403809
229.630355835
229.710357666
229.807769775
229.818664551
229.890808105
229.951599121
230.069915771
230.085266113
230.133285522
230.139831543
230.182830811
230.186798096
230.21673584
230.249298096
230.290084839
230.324951172
230.353668213
230.37298584
230.401901245
230.408416748
230.453796387
230.491409302
230.514648438
230.634796143
230.65953064
230.697113037
230.859176636
230.862808228
230.880203247
230.941955566
231.008544922
231.086135864
231.123886108
231.185943604
231.202316284
231.228134155
231.234512329
231.237258911
231.338668823
231.348419189
231.414382935
231.436721802
231.438369751
231.548080444
231.550262451
231.592803955
231.604156494
231.779754639
231.803314209
231.8150177
231.821990967
231.903442383
232.04977417
232.053894043
232.062820435
232.119171143
232.161193848
232.178710938
232.246307373
232.289047241
232.295562744
232.312973022
232.351791382
232.379043579
232.392959595
232.402282715
232.411239624
232.463577271
232.508926392
232.509002686
232.510803223
232.548217773
232.550598145
232.610534668
232.678695679
232.707473755
232.712509155
232.720077515
232.781799316
232.788375854
232.90788269
233.072372437
233.094696045
233.12991333
233.135025024
233.145172119
233.167282104
233.257293701
233.267456055
233.269134521
233.270523071
233.306045532
233.335205078
233.401901245
233.409713745
233.447723389
233.477264404
233.540908813
233.562271118
233.596694946
233.623886108
233.632019043
233.664962769
233.667770386
233.76423645
233.794281006
233.805892944
233.822525024
233.835754395
233.912704468
233.960388184
234.0103302
234.018966675
234.021987915
234.035293579
234.113128662
234.259521484
234.262115479
234.357116699
234.392578125
234.400268555
234.428009033
234.433547974
234.444259644
234.458282471
234.507476807
234.522232056
234.561965942
234.562164307
234.619110107
234.674407959
234.926254272
234.972579956
234.973526001
235.121261597
235.141708374
235.169342041
235.209274292
235.262542725
235.589904785
235.670654297
235.688903809
235.763931274
235.765701294
235.827560425
235.93711853
236.003967285
236.046646118
236.212387085
236.336914062
236.436782837
236.541687012
236.550933838
236.594177246
236.729156494
236.788406372
236.813919067
236.832504272
236.87411499
236.891860962
237.043487549
237.062774658
237.149627686
237.208618164
237.235122681
237.443435669
237.721176147
237.789276123
237.83013916
237.853759766
237.879455566
237.88444519
237.929489136
237.929550171
238.006637573
238.044921875
238.108261108
238.124816895
238.504043579
238.568603516
238.58114624
238.63633728
238.673782349
238.707519531
238.766464233
238.779159546
238.801300049
238.879074097
238.985473633
239.030776978
239.051208496
239.111434937
239.168640137
239.266372681
239.338729858
239.357925415
239.388748169
239.393936157
239.520889282
239.571456909
239.598388672
239.723632812
239.725067139
239.736938477
239.757110596
239.761154175
239.768753052
239.811950684
239.822860718
239.935714722
239.951019287
240.006866455
240.035797119
240.148254395
240.291854858
240.306518555
240.328964233
240.337997437
240.399459839
240.508132935
240.561904907
240.589828491
240.655410767
240.668289185
240.683563232
240.698669434
240.709197998
240.744918823
240.74697876
240.761688232
241.006851196
241.265090942
241.268539429
241.519378662
241.717285156
241.72442627
241.797363281
241.837280273
241.880584717
241.936355591
241.945953369
242.048782349
242.063140869
242.154159546
242.171310425
242.202972412
242.253814697
242.287536621
242.346481323
242.416824341
242.438293457
242.489944458
242.574020386
242.630706787
242.641677856
242.667953491
242.742843628
242.781661987
242.785232544
242.832382202
242.850799561
242.875869751
242.990112305
243.042922974
243.080108643
243.131546021
243.136825562
243.165939331
243.227859497
243.229187012
243.499206543
243.588027954
243.724105835
243.78137207
243.850738525
243.937393188
243.969543457
244.083831787
244.131713867
244.285018921
244.441635132
244.655929565
244.711029053
244.825286865
244.90814209
244.914489746
244.978134155
245.033569336
245.054428101
245.161056519
245.184448242
245.217315674
245.292663574
245.367034912
245.385406494
245.418060303
245.568740845
245.574172974
245.59992981
245.608673096
245.649627686
245.774368286
245.994186401
246.017471313
246.04838562
246.108978271
246.111785889
246.115859985
246.128890991
246.164474487
246.169891357
246.358413696
246.442169189
246.468734741
246.621795654
246.725326538
246.745376587
246.847579956
246.922943115
246.929443359
246.937316895
246.996734619
247.0078125
247.012313843
247.03175354
247.091567993
247.12310791
247.199035645
247.22013855
247.261642456
247.38722229
247.388381958
247.440567017
247.44593811
247.511520386
247.534088135
247.563858032
247.583862305
247.618759155
247.652648926
247.66784668
247.817932129
247.822219849
247.829330444
248.023223877
248.090515137
248.265853882
248.386474609
248.462554932
248.487945557
248.489929199
248.574996948
248.605377197
248.804824829
248.853149414
248.902282715
248.909713745
248.969100952
248.991363525
249.011001587
249.04649353
249.10244751
249.10786438
249.112457275
249.12020874
249.128921509
249.137588501
249.32093811
249.393203735
249.419754028
249.51184082
249.533920288
249.610855103
249.634979248
249.727523804
249.777252197
249.799819946
249.803604126
249.844451904
249.859390259
249.941619873
249.948226929
249.960647583
249.966400146
250.005828857
250.089126587
250.190490723
250.309188843
250.402267456
250.43170166
250.636581421
250.66178894
250.701187134
250.818466187
250.844726562
250.875701904
250.955780029
250.957931519
251.003555298
251.102050781
251.162780762
251.167938232
251.233551025
251.249832153
251.292602539
251.396240234
251.439712524
251.444000244
251.464767456
251.566894531
251.682830811
251.729049683
251.74520874
251.870147705
251.873474121
251.915176392
251.951187134
252.20854187
252.423553467
252.425384521
252.760498047
252.763092041
252.776138306
252.78288269
252.787811279
252.971633911
252.977157593
253.056152344
253.058761597
253.206283569
253.225158691
253.268630981
253.308837891
253.316940308
253.389892578
253.447387695
253.578201294
253.657577515
253.774841309
253.791549683
253.810882568
253.936157227
253.966537476
254.125656128
254.132888794
254.150665283
254.182525635
254.2237854
254.230499268
254.234558105
254.606124878
254.697372437
254.802642822
254.821472168
254.843902588
254.873962402
254.90222168
254.932098389
254.968566895
254.998352051
255.07359314
255.109649658
255.159713745
255.410812378
255.462173462
255.527786255
255.593383789
255.6512146
255.721084595
255.825866699
255.837036133
255.928131104
255.941696167
255.968154907
256.003845215
256.032409668
256.048553467
256.072692871
256.092498779
256.163269043
256.179718018
256.222686768
256.253204346
256.322601318
256.604553223
256.690917969
256.725738525
256.951446533
257.030975342
257.068206787
257.068206787
257.089691162
257.163970947
257.224029541
257.362731934
257.396209717
257.410766602
257.427398682
257.441467285
257.533325195
257.574768066
257.726196289
257.817596436
257.821472168
257.874816895
257.901733398
257.953308105
258.008026123
258.022796631
258.038543701
258.081970215
258.175170898
258.273101807
258.551269531
258.599395752
258.60067749
258.63949585
258.724304199
258.749786377
258.781463623
258.810241699
258.863342285
258.891204834
258.903594971
258.929321289
258.930786133
259.011962891
259.12387085
259.203979492
259.33203125
259.373291016
259.374908447
259.510223389
259.593566895
259.804168701
259.832336426
259.902679443
259.92855835
260.092041016
260.119018555
260.146026611
260.237487793
260.247436523
260.382324219
260.406555176
260.409301758
260.528198242
260.577362061
260.584197998
260.618103027
260.652435303
260.65612793
260.677581787
260.68850708
260.713256836
260.790618896
260.86505127
260.96762085
261.032989502
261.066345215
261.097564697
261.097961426
261.110778809
261.170654297
261.213806152
261.299468994
261.359130859
261.362854004
261.404205322
261.454833984
261.4715271
261.494476318
261.520324707
261.58215332
261.604522705
261.757629395
261.758972168
261.776367188
261.798583984
261.815368652
261.871002197
261.961853027
262.307037354
262.405090332
262.476867676
262.645874023
262.670562744
262.784393311
262.809356689
262.83493042
262.876312256
263.040161133
263.040893555
263.111755371
263.199249268
263.246948242
263.262512207
263.265991211
263.271820068
263.340454102
263.364196777
263.522033691
263.735198975
263.743469238
263.775482178
263.806243896
263.836395264
263.870574951
263.900878906
264.037414551
264.070129395
264.163513184
264.166809082
264.307678223
264.330963135
264.401367188
264.425811768
264.44732666
264.496948242
264.53302002
264.614685059
264.690612793
264.708435059
264.746734619
264.823455811
264.912353516
264.912689209
264.913391113
265.067626953
265.264404297
265.329864502
265.401641846
265.409667969
265.478607178
265.739685059
265.786315918
265.799468994
265.957336426
265.959442139
266.005645752
266.027923584
266.092834473
266.11416626
266.114440918
266.134490967
266.231811523
266.278167725
266.292022705
266.450195312
266.486663818
266.628723145
267.175384521
267.180969238
267.18347168
267.211700439
267.277130127
267.332672119
267.439819336
267.480957031
267.634429932
267.654205322
267.801208496
267.852630615
267.904418945
267.929656982
268.076690674
268.078125
268.177093506
268.193969727
268.286865234
268.336151123
268.344146729
268.472808838
268.533111572
268.557800293
268.634490967
268.68170166
268.731964111
268.77520752
268.832611084
268.884094238
268.909851074
268.954193115
269.095184326
269.117034912
269.151092529
269.208892822
269.231933594
269.262390137
269.291564941
269.309173584
269.352478027
269.43649292
269.489624023
269.492279053
269.500091553
269.545532227
269.639770508
269.74822998
269.806915283
269.829742432
269.855285645
269.951324463
270.151580811
270.217651367
270.291229248
270.695098877
270.754180908
270.793731689
270.832672119
271.086120605
271.28704834
271.344482422
271.352966309
271.38684082
271.418701172
271.430358887
271.735290527
271.782409668
271.862457275
271.961242676
271.983673096
272.056365967
272.325592041
272.361999512
272.380554199
272.456054688
272.499725342
272.511413574
272.545349121
272.571380615
272.59387207
272.648406982
272.810333252
272.8152771
272.942474365
272.98928833
272.991088867
273.074554443
273.258850098
273.421630859
273.48034668
273.544219971
273.597045898
273.620330811
273.740570068
273.788787842
273.808959961
273.80947876
273.996551514
274.273132324
274.339324951
274.407775879
274.495117188
274.498474121
274.511871338
274.719146729
274.724365234
274.777435303
274.77935791
274.827819824
274.912658691
275.030853271
275.183837891
275.285308838
275.408172607
275.480102539
275.619812012
275.635070801
275.699005127
275.806854248
275.826507568
275.849853516
276.300109863
276.462982178
276.497497559
276.619415283
276.62286377
276.89956665
277.003479004
277.025787354
277.076385498
277.134002686
277.231536865
277.366088867
277.4090271
277.564910889
277.630004883
277.677124023
277.682922363
277.714050293
277.747009277
277.798553467
277.800872803
277.806213379
277.877990723
278.14050293
278.154846191
278.205749512
278.307556152
278.357971191
278.804962158
278.869720459
278.870849609
278.895751953
278.896026611
278.957305908
278.984893799
279.052703857
279.095855713
279.161224365
279.162689209
279.168457031
279.362823486
279.372253418
279.524291992
279.527282715
279.822937012
279.825714111
279.853912354
279.862945557
279.86315918
279.878173828
279.93270874
280.026428223
280.039093018
280.14642334
280.255096436
280.442718506
280.547058105
280.771453857
280.946472168
281.034423828
281.066741943
281.092376709
281.179199219
281.189239502
281.299194336
281.445587158
281.517944336
281.546142578
281.748321533
281.791595459
281.895874023
281.923553467
281.964324951
281.973632812
282.069763184
282.142913818
282.343139648
282.492340088
282.670623779
282.853118896
283.081268311
283.100616455
283.151397705
283.358581543
283.522460938
283.573547363
283.694030762
283.712341309
283.803039551
283.812744141
283.831726074
283.916931152
284.160308838
284.282073975
284.416900635
284.584411621
284.634155273
284.667541504
284.874389648
284.883728027
285.001678467
285.073944092
285.242462158
285.389038086
285.416229248
285.45904541
285.535614014
285.589813232
285.648101807
285.64944458
285.714782715
285.729797363
285.790100098
285.884429932
286.04901123
286.180450439
286.259460449
286.447143555
286.471984863
286.670837402
286.772766113
286.927856445
286.946838379
287.012695312
287.034729004
287.038146973
287.086212158
287.323852539
287.382354736
287.448364258
287.459594727
287.547698975
287.617767334
287.635406494
287.73046875
287.954467773
288.016326904
288.055725098
288.06072998
288.139678955
288.2265625
288.232116699
288.295898438
288.329376221
288.361694336
288.379089355
288.40335083
288.477630615
288.593017578
288.818450928
289.07800293
289.103546143
289.153289795
289.218017578
289.24206543
289.247131348
289.386047363
289.392852783
289.421569824
289.677246094
289.67755127
289.679870605
289.761444092
289.914855957
289.959655762
290.022003174
290.030090332
290.48425293
290.51184082
290.612945557
290.616088867
290.62298584
290.896179199
290.950744629
291.009887695
291.065887451
291.258605957
291.260864258
291.327911377
291.444641113
291.572235107
291.718414307
292.118499756
292.263153076
292.441772461
292.496307373
292.602935791
292.720458984
292.812713623
293.210754395
293.384094238
293.515808105
293.764007568
293.787689209
293.799255371
293.804779053
293.887390137
293.908813477
293.943511963
293.975219727
294.174560547
294.198028564
294.461700439
294.472137451
294.505950928
294.677581787
294.905975342
294.963684082
294.996063232
295.019042969
295.118927002
295.345275879
295.617675781
295.660919189
295.692260742
295.694946289
295.727478027
295.951324463
295.989532471
296.247955322
296.313293457
296.661987305
296.761779785
297.086639404
297.088256836
297.092102051
297.159698486
297.194946289
297.274536133
297.364349365
297.414794922
297.438018799
297.669647217
297.707702637
297.711212158
297.781799316
297.78414917
297.823516846
298.051452637
298.120422363
298.298156738
298.362762451
298.511932373
298.545227051
298.611816406
298.812408447
299.049133301
299.205383301
299.242279053
299.329925537
299.42288208
299.580169678
299.760955811
299.775299072
299.975036621
299.976135254
299.991699219
300.117645264
300.155944824
300.203521729
300.328643799
300.40234375
300.466766357
300.490631104
300.555389404
300.757232666
300.931610107
300.940795898
301.065216064
301.25958252
301.46194458
301.4972229
301.509887695
301.521148682
301.675994873
301.742034912
301.826416016
301.845153809
301.906463623
301.940002441
302.203948975
302.407897949
302.41305542
302.780212402
302.816467285
303.084869385
303.30557251
303.328491211
303.671936035
303.860656738
303.9140625
304.012542725
304.252502441
304.693084717
304.847290039
304.850036621
304.93258667
305.434143066
305.444824219
305.515075684
305.610137939
305.641998291
306.1953125
306.202789307
306.207214355
306.270782471
306.32421875
306.363220215
306.49520874
306.562316895
306.615570068
307.06942749
307.249328613
307.361358643
307.707519531
307.808959961
307.811126709
307.814605713
307.859741211
307.967773438
308.252563477
308.372650146
308.668487549
308.699005127
308.733215332
308.999725342
309.00793457
309.349243164
309.363922119
309.449066162
309.617401123
309.763000488
309.941162109
309.951538086
310.034332275
310.217498779
310.400848389
310.457733154
310.699127197
310.860076904
310.907714844
310.952209473
310.961486816
311.274383545
311.334472656
311.583526611
311.698242188
311.838104248
312.053833008
312.23236084
312.245697021
312.293884277
312.447814941
312.544433594
312.835998535
312.976715088
313.087402344
313.114562988
313.151916504
313.26675415
313.468017578
313.519775391
313.628845215
313.633514404
313.765686035
313.938659668
314.164855957
314.227630615
314.663848877
314.799835205
314.845794678
315.123535156
315.560821533
315.591064453
315.74609375
315.904510498
316.231567383
316.311767578
316.533905029
316.569885254
316.644958496
316.816070557
316.92401123
317.001342773
317.097930908
317.342529297
317.442138672
317.834869385
317.875366211
317.878631592
318.191680908
318.263061523
318.323028564
318.417755127
318.736755371
319.127380371
319.248840332
319.276367188
319.512695312
319.801452637
320.201019287
320.314025879
320.451904297
320.658691406
320.716705322
321.149108887
321.208587646
321.32623291
321.753753662
321.838928223
322.080871582
322.352416992
322.39163208
322.420257568
322.828460693
323.088745117
323.433532715
323.536987305
323.591674805
323.719238281
323.723144531
323.800567627
323.91809082
324.155761719
324.399993896
324.542694092
324.605194092
324.859649658
325.028717041
325.207672119
325.249389648
325.278564453
325.28692627
325.385375977
325.469818115
325.69909668
325.797149658
326.014984131
326.178131104
326.406097412
326.684844971
326.769775391
326.876953125
326.987182617
327.177642822
327.187683105
327.340789795
327.494415283
327.594268799
328.094329834
328.223846436
328.372253418
328.433532715
328.444122314
328.525146484
328.539245605
328.920227051
329.114959717
329.230285645
329.270355225
329.801269531
330.217681885
330.455657959
330.491485596
330.529663086
330.827270508
330.944671631
330.97555542
330.996520996
331.048492432
331.348419189
331.64364624
331.731231689
331.95690918
332.401580811
332.402191162
332.498168945
332.51184082
332.839019775
333.310150146
333.335540771
333.34362793
333.366882324
333.454742432
333.629272461
333.711791992
333.721984863
333.876434326
334.332275391
334.472259521
334.990570068
335.02444458
335.070465088
335.097045898
335.190734863
335.62097168
335.703277588
335.928833008
336.155975342
336.233215332
336.258392334
336.341552734
336.408447266
336.76361084
336.84777832
336.916778564
337.908813477
338.059997559
338.318634033
338.403991699
338.941253662
339.052886963
339.127655029
339.207183838
339.265350342
339.488067627
340.143768311
340.46282959
340.465576172
340.60357666
340.810089111
341.790039062
342.138061523
342.251586914
342.338256836
342.431518555
342.697296143
342.850463867
342.971313477
342.985595703
343.011657715
343.135986328
343.325592041
343.387359619
343.633026123
343.687042236
343.736328125
343.871490479
343.977111816
344.044067383
344.445159912
344.778076172
345.260131836
345.469177246
345.628143311
345.784637451
345.827514648
345.887329102
346.219970703
346.316375732
346.555206299
346.785705566
346.805511475
346.982452393
346.993804932
347.225982666
347.33770752
347.47543335
347.911895752
348.04788208
348.755493164
348.823852539
348.852111816
348.854034424
348.865539551
349.028259277
349.433837891
349.621765137
349.755828857
349.834014893
349.957611084
350.121246338
350.751373291
351.243011475
351.738037109
352.11151123
352.275939941
352.475189209
352.774078369
352.810241699
352.972473145
353.083435059
353.123443604
353.2371521
353.345550537
353.371368408
353.42276001
354.015960693
354.071746826
354.234283447
354.945678711
355.701324463
355.747344971
355.807983398
356.657531738
356.753753662
357.004394531
357.018005371
357.255950928
357.299591064
357.613677979
357.629089355
357.666046143
357.746887207
358.287750244
358.953613281
358.960540771
359.080749512
359.100952148
359.202301025
359.22088623
359.249237061
360.076263428
360.303375244
360.352783203
360.52041626
360.575897217
361.564727783
362.182861328
362.516265869
362.544830322
362.592773438
363.307220459
363.476074219
363.560455322
363.668579102
363.745758057
364.061767578
364.119628906
364.415924072
364.609619141
364.653656006
364.794158936
364.941894531
364.947692871
365.472198486
365.838439941
366.03616333
366.175018311
366.229431152
366.918487549
367.007598877
367.384399414
367.599914551
368.096282959
368.206573486
368.262817383
368.629089355
368.683837891
368.687194824
368.725830078
368.996704102
369.58782959
370.619812012
370.845458984
370.87387085
371.252044678
371.849304199
372.037445068
372.324066162
372.984527588
373.357849121
373.421447754
373.585113525
373.724853516
373.730010986
374.198425293
374.456512451
374.702911377
374.790679932
374.850402832
374.898254395
375.126037598
375.209320068
375.499542236
375.749725342
376.308746338
376.493286133
377.067657471
377.467010498
377.546966553
377.618133545
377.697021484
378.22164917
378.377075195
378.461975098
378.464508057
379.12286377
379.582244873
379.88079834
380.374572754
380.47467041
381.220977783
381.583648682
381.836730957
381.845977783
381.925750732
382.047210693
382.180847168
382.505126953
382.807098389
382.904724121
383.156799316
384.36831665
384.3828125
384.584838867
384.781188965
385.051879883
385.357727051
386.070037842
386.201263428
386.346405029
386.718414307
386.957824707
387.132476807
387.586791992
389.039642334
389.116546631
389.146118164
389.181762695
389.881530762
390.263641357
390.549377441
390.791564941
391.143890381
392.553039551
392.595275879
392.598022461
392.607116699
392.943084717
392.987701416
393.93560791
393.961669922
394.767211914
395.339416504
395.593841553
395.981567383
396.338470459
396.596221924
396.920928955
397.402313232
398.495269775
398.977386475
398.978881836
399.080505371
399.646209717
399.735046387
399.827972412
399.838592529
400.139221191
400.165466309
400.713195801
401.088012695
401.359741211
401.368225098
401.586029053
401.716461182
401.997161865
402.596679688
402.751525879
402.817779541
402.878723145
403.996429443
405.357818604
405.501647949
406.370758057
406.654571533
406.963134766
407.28414917
407.647460938
407.8125
408.034851074
408.368835449
408.663726807
408.671386719
408.745056152
409.027038574
409.508026123
409.745391846
409.844482422
410.526763916
410.814910889
411.171722412
411.417510986
411.776733398
412.641571045
413.326477051
414.101898193
414.127532959
415.299468994
415.935577393
416.03604126
416.630615234
416.741851807
417.103820801
417.20513916
417.684387207
417.866485596
418.35244751
418.606231689
418.905639648
420.722839355
421.325500488
422.189605713
422.590545654
422.942718506
422.949768066
423.774414062
423.840179443
423.906951904
424.100891113
424.636199951
425.839904785
425.857421875
426.449645996
429.218566895
429.586791992
429.66595459
430.826446533
430.833374023
431.177032471
431.5597229
432.141815186
432.898040771
433.334869385
433.490112305
433.895904541
434.418945312
435.772460938
437.227325439
437.580749512
437.950164795
438.501678467
438.68850708
438.75177002
438.793426514
439.888183594
440.503082275
440.861602783
441.653686523
441.94720459
442.499237061
442.821563721
443.292480469
443.730255127
444.180908203
444.35925293
444.362335205
444.675842285
445.427062988
447.105377197
448.397796631
449.865722656
450.613952637
450.822174072
451.286834717
451.887115479
454.342071533
454.962768555
455.387481689
455.838256836
456.638763428
458.843139648
458.847930908
459.462677002
460.648101807
462.050628662
462.555725098
462.792541504
463.424163818
463.480682373
463.931121826
464.862640381
467.528778076
470.163146973
470.247741699
470.606719971
472.563476562
472.737976074
473.267059326
473.278656006
473.444061279
474.275909424
474.593078613
476.027099609
476.223144531
476.432922363
476.619018555
477.925872803
479.260192871
479.873382568
480.363800049
481.538269043
482.760528564
485.621490479
486.471221924
486.688476562
486.704101562
487.65335083
490.875823975
492.298461914
493.097015381
493.850616455
493.965423584
495.130645752
495.26348877
495.358612061
495.5184021
496.331604004
497.207824707
497.747070312
498.53894043
498.554046631
502.375457764
502.816192627
503.211212158
504.365020752
505.255462646
505.4765625
507.489654541
507.739227295
508.524139404
509.534698486
509.889068604
510.358764648
510.763977051
510.825439453
512.468261719
514.996154785
516.455932617
516.539855957
516.624572754
517.284729004
523.998901367
525.175354004
525.311035156
529.203491211
529.770324707
532.79675293
534.26965332
534.325927734
535.533569336
536.321289062
537.540161133
537.950561523
540.876953125
540.89855957
540.958190918
541.458435059
542.05871582
542.356750488
543.116699219
544.300415039
544.31842041
548.594848633
548.937561035
550.149597168
551.258056641
553.644226074
553.780212402
556.080505371
556.252807617
557.061218262
560.0703125
561.365356445
561.616210938
562.305847168
564.969726562
566.971923828
567.090087891
568.564880371
569.391601562
571.981872559
576.622009277
578.769287109
578.991821289
584.659301758
586.256958008
587.717407227
589.807617188
591.898742676
593.694580078
599.370727539
608.222290039
609.654052734
610.536376953
612.817932129
616.582275391
616.93536377
617.721496582
619.866149902
623.501037598
629.419067383
630.071105957
630.661499023
633.678710938
636.443786621
642.760742188
645.016052246
646.305786133
661.648254395
669.334289551
676.802734375
690.067016602
709.513305664
713.267578125
720.303588867
728.47479248
728.96484375
752.769897461
784.934387207
785.204528809
787.15020752
787.985473633
796.170715332
806.761352539
815.42779541
833.655944824
845.100952148
916.217895508
927.311645508
937.529663086
961.905029297
967.891052246
979.167358398
1061.21130371
1102.67651367
1136.8572998
1174.67810059
