 299.411102 
 249.234451 
 258.615356 
 309.076630 
 380.982544 
 276.474884 
 207.221130 
 250.302505 
 218.463181 
 592.870972 
 394.025635 
 588.062317 
 311.199890 
 245.798950 
 411.050079 
 250.766846 
 337.836243 
 229.336823 
 233.922150 
 208.882858 
 209.504929 
 520.662231 
 263.006897 
 336.137634 
 371.406067 
 232.918671 
 202.485214 
 339.163605 
 246.581451 
 334.316254 
 201.593887 
 267.306763 
 472.646729 
 253.868317 
 258.841888 
 252.308029 
 382.705444 
 212.880890 
 213.513657 
 236.190903 
 235.249924 
 247.633163 
 205.338379 
 326.708527 
 273.104492 
 218.438705 
 302.266785 
 253.374664 
 285.744232 
 229.220642 
 260.015961 
 201.675522 
 242.617706 
 219.726120 
 258.492310 
 346.623566 
 288.536713 
 282.380859 
 219.279709 
 209.355942 
 299.133087 
 265.103760 
 208.778290 
 216.061722 
 229.640045 
 327.830444 
 247.147400 
 258.420837 
 434.636139 
 210.493378 
 259.552338 
 207.614563 
 344.090057 
 320.496002 
 263.947906 
 214.739502 
 224.415817 
 283.166626 
 324.517242 
 315.947937 
 311.062103 
 258.040527 
 216.147659 
 260.263458 
 228.948563 
 236.438110 
 228.675232 
 255.561569 
 292.246857 
 296.623474 
 203.775284 
 203.606140 
 219.384201 
 321.723480 
 301.850433 
 343.875061 
 279.177094 
 270.824554 
 202.105438 
 210.947632 
 229.247696 
 208.555557 
 254.406326 
 319.807037 
 235.032013 
 210.812119 
 203.335434 
 252.786118 
 214.717514 
 206.014542 
 365.328369 
 270.104370 
 588.819092 
 263.884521 
 270.849396 
 254.863510 
 201.590179 
 234.372269 
 299.811737 
 243.526321 
 204.240891 
 200.840530 
 297.516815 
 202.414398 
 205.562759 
 241.063797 
 246.627411 
 274.602753 
 257.250671 
 239.550507 
 283.236603 
 396.891724 
 209.623917 
 219.852570 
 299.764465 
 218.510803 
 234.530945 
 240.796249 
 222.576157 
 207.092255 
 307.621704 
 245.763626 
 227.708069 
 236.151337 
 210.178741 
 258.991058 
 237.637543 
 244.724915 
 246.307159 
 224.918564 
 232.949234 
 218.691757 
 280.260773 
 253.815445 
 201.818436 
 238.715820 
 323.476654 
 544.003357 
 331.239197 
 212.150925 
 221.076431 
 207.655380 
 259.314301 
 273.993988 
 206.071716 
 212.759766 
 264.669891 
 210.582718 
 227.664856 
 202.875534 
 204.024811 
 223.557510 
 301.429962 
 212.578308 
 267.024170 
 420.758759 
 264.163208 
 255.765167 
 237.736832 
 200.331131 
 310.254547 
 289.208221 
 209.993607 
 201.714478 
 244.018768 
 346.896729 
 710.405273 
 228.147369 
 265.400757 
 256.255585 
 285.193115 
 377.632721 
 384.563232 
 248.892639 
 244.004501 
 378.111267 
 214.928833 
 244.378510 
 316.337097 
 262.829010 
 201.904938 
 457.840271 
 247.632599 
 351.411835 
 209.582748 
 382.552979 
 521.040283 
 499.505188 
 248.105347 
 227.067307 
 218.920807 
 297.402161 
 435.928619 
 305.851532 
 397.722473 
 218.802292 
 282.494598 
 206.363449 
 263.933746 
 346.955383 
 506.910950 
 304.385651 
 221.407898 
 303.001282 
 223.688126 
 205.020554 
 332.632629 
 324.481293 
 250.763474 
 436.791809 
 239.307327 
 263.533142 
 286.470978 
 200.653763 
 266.838440 
 253.678757 
 361.838593 
 499.625458 
 220.142670 
 232.191010 
 231.675598 
 243.482788 
 209.294540 
 219.406937 
 258.530945 
 353.347321 
 599.299500 
 275.663879 
 333.324677 
 324.778381 
 229.334137 
 286.279694 
 293.108215 
 229.503738 
 295.054901 
 218.515442 
 200.429123 
 366.238586 
 651.479980 
 370.795593 
 208.418839 
 400.659698 
 321.930328 
 261.671051 
 348.291504 
 215.766724 
 226.688965 
 448.322601 
 288.217560 
 494.484100 
 231.150452 
 213.869278 
 301.842285 
 229.891693 
 202.070633 
 372.328705 
 272.802460 
 245.596664 
 206.890289 
 519.298950 
 421.002289 
 214.296188 
 209.118866 
 271.653412 
1035.036133 
 450.852417 
 412.821930 
 302.914551 
 228.855652 
 497.693024 
 207.144547 
 216.698685 
 207.795181 
 351.678070 
 212.359344 
 248.931381 
 368.730194 
 245.394211 
 367.028107 
 410.191956 
 200.159546 
 244.742798 
 260.576752 
 234.307693 
 279.272736 
 312.740204 
 285.698517 
 859.189026 
 203.086243 
 240.045731 
 414.365417 
 331.824249 
 202.912155 
 224.588486 
 223.676086 
 202.913940 
 238.967346 
 204.352936 
 216.776230 
 274.051331 
 221.477737 
 253.791962 
 361.493683 
 251.133560 
 202.961044 
 535.024597 
 310.331299 
 282.688354 
 267.117004 
 201.454605 
 324.286682 
 584.493652 
 237.428375 
1060.032104 
 288.662506 
 275.958954 
 202.962311 
 222.680099 
 233.612518 
 234.268402 
 231.299911 
 277.223419 
 210.498260 
 446.474030 
 509.768158 
 258.534180 
 209.910797 
 219.847870 
 371.108124 
 343.371582 
 213.921432 
 244.708099 
 379.836243 
 203.251434 
 574.650391 
 312.667542 
 269.672241 
 221.596909 
 230.270340 
 234.797882 
 394.367157 
 296.940796 
 278.367798 
 259.278870 
 339.915955 
 218.341324 
 228.769852 
 214.103531 
 264.502869 
 255.463135 
 275.858368 
 253.821274 
 207.855759 
 309.968658 
 209.299850 
 338.506256 
 202.538025 
 295.914276 
 447.300323 
 260.765381 
 224.900314 
 425.280396 
 223.656540 
 204.985672 
 297.401184 
 300.700592 
 293.652679 
 240.743881 
 341.385895 
 335.583344 
 332.938904 
 239.543320 
 228.425247 
 233.302536 
 221.437347 
 373.007996 
 265.683258 
 233.967575 
 372.949158 
 229.174988 
 209.221039 
 455.065552 
 410.600067 
 203.637344 
 226.731049 
 263.885193 
 252.951462 
 211.956146 
 352.904694 
 309.307373 
 202.879791 
 224.874771 
 351.166412 
 229.003906 
 251.884628 
 317.757080 
 201.071930 
 208.581787 
 261.037476 
 248.657715 
 278.917908 
 319.205780 
 640.288025 
 266.446198 
 249.053818 
 315.565613 
 292.883057 
 238.395050 
 236.304749 
 211.424698 
 235.839630 
 213.536942 
 205.667923 
 425.657379 
 202.408951 
 303.060486 
 256.642792 
 233.231689 
 357.201904 
 210.872620 
 245.878662 
 286.115631 
 238.937347 
 229.064056 
 259.603851 
 259.609283 
 233.211258 
 451.523743 
 230.075729 
 320.420044 
 324.916748 
 278.350250 
 596.317444 
 258.814087 
 220.398621 
 263.663452 
 212.933136 
 253.053268 
 208.068237 
 216.417938 
 206.364777 
 203.550003 
 240.155106 
 255.862183 
 491.980682 
 307.507385 
 204.233276 
 274.924103 
 303.558014 
 225.412903 
 252.260925 
 285.816956 
 261.768951 
 294.428650 
 227.275787 
 380.581787 
 325.599091 
 273.668213 
 369.478882 
 242.721420 
 624.162231 
 248.237885 
 234.905121 
 387.203278 
 438.941467 
 233.280350 
 283.347290 
 205.740463 
 329.854675 
 819.132996 
 231.226196 
 351.518127 
 307.053009 
 271.468323 
 707.511292 
 313.721039 
 248.164795 
 212.341385 
 308.911987 
 260.683350 
 420.783081 
 284.939209 
 229.158966 
 253.044495 
 330.438293 
 231.675217 
 228.630020 
 201.231750 
 239.004852 
 232.609131 
 266.748352 
 207.474289 
 218.694427 
 211.882629 
1055.970337 
 217.838882 
 233.691223 
 276.621460 
 225.370941 
 202.657211 
 277.383301 
 332.717316 
 218.211563 
 569.493896 
 271.976013 
 408.128113 
 261.868591 
 206.787354 
 222.929520 
 218.005615 
 227.855164 
 281.314148 
 264.959259 
 343.527466 
 265.551910 
 292.241699 
 522.972412 
 259.054810 
 251.257889 
 245.059647 
 220.752655 
 214.416595 
 262.523621 
 453.615967 
 219.059814 
 401.366211 
 437.197357 
 221.357727 
 286.121796 
 478.304718 
 423.464966 
 216.944717 
 232.183945 
 481.610962 
 514.563904 
 269.178314 
 274.988373 
 217.284195 
 257.692200 
 262.861877 
 394.162018 
 240.089111 
 231.624390 
 268.017303 
 221.119400 
 289.485626 
 431.032867 
 263.472229 
 251.895813 
 207.872452 
 364.794037 
 233.078079 
 214.328690 
 326.434143 
 250.224564 
 248.021378 
 201.989227 
 365.326538 
 213.655167 
 430.472687 
 202.599518 
 302.680145 
 264.258942 
 201.409637 
 435.817505 
 340.943756 
 235.652878 
 214.779831 
 284.778687 
 271.614868 
 214.800095 
 236.702591 
 296.774689 
 357.763733 
 240.056854 
 467.348816 
 383.541321 
 278.635010 
 232.686295 
 261.921326 
 435.080627 
 238.972916 
 359.662537 
 263.277252 
 212.644653 
 235.287033 
 200.586609 
 200.035217 
 217.732269 
 222.938797 
 245.843613 
 246.849945 
 317.297760 
 206.453476 
 208.636307 
 300.939423 
 239.628937 
 290.509735 
 242.004242 
 335.483643 
 227.177078 
 209.068176 
 269.998413 
 411.180084 
 299.878418 
 328.415466 
 259.646790 
 213.392426 
 300.206299 
 317.696198 
 298.167664 
 282.320923 
 223.498444 
 235.271378 
 306.678986 
 227.611038 
 291.076141 
 654.530640 
 444.159241 
 317.762634 
 285.406738 
 306.090302 
 229.206512 
 403.713867 
 438.611237 
 206.843857 
 445.942932 
 212.983643 
 218.608200 
 240.814590 
 281.726715 
 216.512527 
 213.887848 
 225.012268 
 405.842438 
 285.961700 
 286.358124 
 218.041656 
 225.552917 
 251.136902 
 238.479233 
 253.423233 
 206.904861 
 417.438019 
 227.744858 
 500.236969 
 215.859924 
 304.634369 
 268.121185 
 249.722702 
 236.878754 
 266.792328 
 217.116989 
 264.571472 
 352.133270 
 206.043915 
 242.425903 
 214.046127 
 542.853699 
 202.398529 
 214.309418 
 604.855713 
 263.758636 
 235.369339 
 338.807465 
 347.998749 
 246.027573 
 231.027954 
 290.747101 
 518.116272 
 212.253387 
 322.622894 
 201.409042 
 245.522308 
 209.988510 
 348.794586 
 226.720123 
 356.957642 
 265.547119 
 244.345993 
 257.775757 
 201.261948 
 211.618362 
 353.602051 
 219.584930 
 317.516357 
 271.206482 
 230.607132 
 508.573242 
 211.336288 
 217.389877 
 323.437592 
 219.923721 
 209.200119 
 303.238617 
 236.305939 
 205.738464 
 552.356384 
 365.044037 
 239.872238 
 229.797455 
 228.760666 
 243.281219 
 363.119934 
 206.685242 
 204.756790 
 248.424225 
 204.920197 
 301.065735 
 539.573486 
 242.266251 
 259.029144 
 222.343475 
 216.137329 
 204.115448 
 341.811462 
 385.498779 
 206.525177 
 256.489868 
 200.529114 
 266.105530 
 226.225983 
 232.085327 
 360.146057 
 218.674759 
 241.479416 
 342.315643 
 210.426941 
 264.961029 
 297.141479 
 219.039520 
 203.714325 
 313.011597 
 374.137085 
 231.252548 
 419.975525 
 822.701416 
 268.085571 
 235.713028 
 244.201981 
 355.431122 
 226.771591 
 236.897171 
 347.527527 
 215.853317 
 276.450470 
 272.163239 
 284.472443 
 253.425888 
 283.625885 
 215.571976 
 269.362091 
1004.877380 
 220.685760 
 201.681534 
 258.402313 
 744.397705 
 219.915802 
 264.866455 
 372.866211 
 227.659897 
 311.365631 
 239.699371 
 201.635025 
 213.525711 
 495.249207 
 310.750793 
 222.887451 
 247.787384 
 241.623596 
 248.724121 
 218.821060 
 274.328857 
 231.724106 
 252.814026 
 424.161896 
 228.984329 
 208.932098 
 291.701172 
 215.138947 
 252.017471 
 228.224670 
 354.495178 
 217.289536 
 348.899261 
 201.535950 
 349.492706 
 575.449036 
 380.514740 
 371.650574 
 600.565369 
 349.699127 
 257.894806 
 269.408386 
 201.048111 
 204.249420 
 310.724182 
 235.735184 
 256.587097 
 369.912537 
 221.240189 
 238.589020 
 200.589142 
 237.688309 
 319.582153 
 232.831894 
 300.611969 
 231.607864 
 479.576080 
 226.359924 
 209.906738 
 261.978729 
 245.160431 
 293.128479 
 281.248932 
 399.146362 
 214.477097 
 380.736450 
 310.680328 
 265.108978 
 212.091171 
 256.819122 
 210.187851 
 292.252869 
 207.587082 
 246.893280 
 370.101624 
 380.208374 
 246.623734 
 506.959015 
 215.125427 
 205.873810 
 218.300903 
 202.033173 
 327.527802 
 260.571899 
 376.051544 
 244.694580 
 207.932205 
 203.516159 
 203.717361 
 234.161957 
 275.390442 
 348.271027 
 225.075500 
 227.776077 
 245.326904 
 390.890411 
 221.393600 
 283.640198 
 462.805267 
 298.589417 
 215.772247 
 294.571167 
 346.722595 
 351.584259 
 232.104797 
 328.266907 
 316.320312 
 244.702911 
 406.243073 
 340.499939 
 222.915085 
 252.164871 
 330.517822 
 204.902878 
 327.260101 
 267.826477 
 207.277618 
 225.443954 
 313.355347 
 317.545624 
 230.496338 
 232.818329 
 348.388458 
 275.633331 
 283.293182 
 208.786179 
 215.481247 
 338.372650 
 265.737396 
 206.538528 
 285.686615 
 266.830139 
 332.744995 
 215.403473 
 275.146088 
 233.919006 
 318.386810 
 205.731125 
 337.524414 
 201.347870 
 208.168365 
 379.553802 
 231.332092 
 233.507767 
 251.643341 
 225.691666 
 261.074738 
 206.882629 
 241.671280 
 496.355103 
 321.678406 
 217.068680 
 346.661774 
 215.220016 
 444.177216 
 259.438873 
 258.295837 
 258.947784 
 254.900589 
 205.834900 
 294.796783 
 207.615158 
 234.614014 
 263.293976 
 373.792511 
 253.564423 
 263.375397 
 214.729843 
 285.513336 
 210.377289 
 224.028214 
 241.711792 
 238.003815 
 235.751602 
 311.085022 
 310.914398 
 253.209747 
 215.605667 
 375.268036 
 236.711823 
 209.270935 
 208.068405 
 227.689987 
 534.845032 
 269.857666 
 258.340759 
 264.345032 
 724.194397 
 536.072083 
 231.104584 
 251.052353 
 270.368774 
 444.875031 
 256.164185 
 231.591949 
 242.193970 
 233.137405 
 313.614075 
 262.129913 
 323.531647 
 207.916321 
 224.141754 
 305.863251 
 268.272583 
 272.700409 
 234.953964 
 450.376862 
 371.643585 
 230.935745 
 237.000366 
 292.490662 
 211.134796 
 226.987961 
 217.240997 
 280.546570 
 378.949738 
 242.434250 
 243.315826 
 217.320267 
 217.861084 
 214.636261 
 366.159302 
 388.302765 
 200.169434 
 250.687225 
 251.870422 
 226.742462 
 221.280899 
 276.867218 
 250.011124 
 220.036423 
 247.864059 
 299.175659 
 207.869843 
 210.119171 
 230.509094 
 318.415741 
 322.015503 
 224.740906 
 330.026703 
 218.446655 
 240.322769 
 257.873596 
 346.694214 
 202.837921 
 201.055084 
 356.945099 
 294.239319 
 246.947281 
 273.577972 
 285.120972 
 223.543304 
 299.631317 
 204.156906 
 218.549942 
 221.713440 
 288.284088 
 310.799774 
 426.623260 
 210.567413 
 250.425797 
 293.508636 
 209.085632 
 332.905762 
 219.881912 
 340.219025 
 272.888672 
 234.513947 
 255.592636 
 262.822021 
 228.397858 
 306.785034 
 475.444031 
 222.175827 
 212.450378 
 219.092056 
 224.011780 
 256.603180 
 341.340546 
 253.798325 
 205.538223 
 271.246307 
 291.248047 
 765.963196 
 205.097015 
 240.038300 
 251.415390 
 213.638214 
 387.588531 
 278.810028 
 300.898102 
 247.927872 
 226.147919 
 204.674637 
 273.187439 
 361.988068 
 311.732513 
 400.546387 
 244.540161 
 221.230118 
 204.566132 
 735.488403 
 240.519516 
 273.484253 
 319.223175 
 269.137604 
 636.094727 
 241.165375 
 419.431702 
 226.111984 
 330.368988 
 258.405975 
 233.549606 
 203.064163 
 270.485565 
 245.528259 
 227.198761 
 397.337769 
 302.998901 
 645.663635 
 234.515594 
 241.849030 
 444.373657 
 205.124344 
 294.219391 
 412.887970 
 404.398071 
 225.479080 
 270.489838 
 222.059067 
 217.522949 
 248.355957 
 294.868958 
 314.902710 
 319.315613 
 531.090881 
 235.954987 
 253.133072 
 606.215698 
 507.273590 
 214.599915 
 210.455093 
 239.574539 
 210.550247 
 221.773193 
 226.376892 
 332.852295 
 206.803024 
 208.670288 
 211.533646 
 212.609375 
 390.281433 
 236.721573 
 232.402603 
 281.506195 
 254.698700 
 211.138367 
 232.720291 
 370.062958 
 277.305725 
 228.704514 
 219.560471 
 252.578369 
 241.802109 
 769.340820 
 305.188721 
 218.677078 
 217.540085 
 278.520081 
 227.650452 
 289.624908 
 297.371185 
 267.040558 
 239.448685 
 249.219376 
 316.634491 
 345.142426 
 334.055328 
 214.062271 
 219.203079 
 253.944138 
 508.546936 
 389.610931 
 298.189758 
 201.056198 
 419.515289 
 273.838959 
 224.040756 
 203.039307 
 203.313797 
 302.313232 
 268.614838 
 209.850174 
 227.197906 
 205.690369 
 221.277679 
 243.441269 
 254.529114 
 207.698059 
 217.159485 
 430.508026 
 221.460571 
 362.684052 
 399.100769 
 644.508179 
 203.837402 
 236.848145 
 353.836426 
 373.041443 
 227.011322 
 200.346390 
 208.820511 
 308.069489 
 235.128006 
 320.652496 
 229.986710 
 232.224136 
 268.715393 
 271.447815 
 415.428131 
 222.028885 
 355.608063 
 595.277283 
 332.721832 
 226.178131 
 880.742859 
 218.835297 
 399.931610 
 343.610046 
 232.003128 
 269.242737 
 216.357101 
 321.592651 
 293.533813 
 306.347137 
 296.319397 
 272.250732 
 436.753021 
 257.061432 
 419.782257 
 235.260712 
 211.269058 
 287.997894 
 220.426025 
 226.453552 
 215.362991 
 317.642731 
 313.825134 
 207.322159 
 234.546555 
 302.714020 
 311.389862 
 204.833267 
 288.161163 
 352.115234 
 265.192108 
 227.063019 
 384.434174 
 393.902893 
 372.209137 
 484.181580 
 212.643677 
 302.538330 
 481.055115 
 422.125000 
 240.214584 
 234.242462 
 208.006668 
 343.645905 
 227.487686 
 215.474945 
 266.982941 
 336.174530 
 331.980347 
 211.715652 
 218.704025 
 221.807098 
 366.111847 
 235.871582 
 219.699326 
 297.624390 
 202.468338 
 251.566162 
 406.275665 
 246.719208 
 243.939499 
 282.600891 
 282.910187 
 391.231445 
 521.136353 
 267.806702 
 214.293869 
 211.383118 
 328.716217 
 214.934677 
 270.815399 
 207.831116 
 203.670471 
 204.023575 
 215.940247 
 200.966034 
 235.021729 
 251.384186 
 220.556015 
 222.827271 
 221.125137 
 267.442108 
 268.107849 
 266.930969 
 292.627411 
 213.283447 
 256.167023 
 310.116547 
 200.973663 
 302.960938 
 239.564728 
 209.280014 
 222.470337 
 255.781570 
 277.228607 
 205.529602 
 420.126770 
 387.789062 
 208.367279 
 231.112152 
 294.747131 
 372.317139 
 244.992569 
 281.679779 
 211.042496 
 244.206512 
 238.945786 
 223.938095 
 254.594376 
 375.665680 
 304.232117 
 210.499573 
 220.102036 
 234.666809 
 214.478226 
 241.691788 
 209.501602 
 220.668884 
 343.658051 
 333.360474 
 242.827637 
 204.612473 
 245.018723 
 200.555084 
 233.970322 
 228.829315 
 221.752411 
 255.104126 
 202.753052 
 395.412537 
 268.133911 
 308.203979 
 262.071381 
 255.615936 
 273.168243 
 209.951859 
 203.355682 
 641.750671 
 201.788712 
 212.185211 
 272.816467 
 315.475494 
 229.201965 
 222.426453 
 207.315338 
 269.308655 
 327.246002 
 203.285492 
 396.296753 
 223.648682 
 287.416779 
 308.311554 
 593.556824 
 223.654480 
 208.180557 
 238.895874 
 211.272202 
 269.823395 
 210.631638 
 221.048477 
 205.326447 
 264.759735 
 213.750534 
 213.428787 
 578.646240 
 265.194305 
 325.994141 
 231.658203 
 395.930359 
 323.494720 
 565.768921 
 226.708878 
 201.730103 
 268.871277 
 207.998581 
 606.014160 
 244.672684 
 221.747025 
 202.764130 
 213.897629 
 256.501221 
 443.402008 
 391.656342 
 228.811935 
 356.433655 
 328.892609 
 202.590179 
 242.327698 
 497.566498 
 364.427551 
 200.247101 
 235.976639 
 224.158844 
 337.075836 
 291.648895 
 580.833435 
 222.899170 
 213.830383 
 217.135193 
 263.418793 
 224.313431 
 213.291672 
 231.259628 
 264.596741 
 414.529114 
 219.968109 
 308.942474 
 345.935364 
 210.639832 
 383.028015 
 290.578491 
 221.939224 
 328.347015 
 368.307922 
 228.250732 
 443.862640 
 354.786896 
 254.376160 
 228.306625 
 321.261841 
 240.889694 
 243.474243 
 210.211716 
 280.001923 
 254.866623 
 220.056671 
 242.613327 
 445.831940 
 211.687820 
 283.218048 
 433.167389 
 210.226791 
 203.928589 
 286.583130 
 243.055344 
 221.414536 
 377.962616 
 226.070007 
 248.792770 
 209.689209 
 219.743576 
 434.833618 
 344.075928 
 265.619934 
 486.410156 
 208.548126 
 234.217361 
 217.564758 
 215.567886 
 222.706757 
 309.841888 
 222.683319 
 274.615662 
 206.624191 
 203.440628 
 306.984131 
 267.713562 
 476.992676 
 303.109985 
 317.527283 
 219.197601 
 300.648529 
 202.967361 
 292.704285 
 255.899216 
 243.951935 
 204.714050 
 340.078400 
 239.918198 
 380.460999 
 268.831421 
 421.242523 
 224.903152 
 200.649277 
 239.960312 
 205.120682 
 200.204605 
 207.161789 
 349.124573 
 243.901443 
 231.940842 
 475.278503 
 256.159912 
 207.545746 
 232.959488 
 287.276489 
 248.964630 
 242.015564 
 234.886459 
 207.159256 
 510.680878 
 333.612915 
 337.990753 
 296.519684 
 262.819458 
 251.534485 
 305.929626 
 351.987061 
 264.585083 
 336.435730 
 266.636353 
 249.172409 
 218.984619 
 288.123474 
 249.712219 
 213.595398 
 805.084290 
 427.655823 
 436.566101 
 204.822815 
 280.084412 
 219.834610 
 262.463379 
 322.969299 
 331.272766 
 255.910919 
 429.638947 
 243.312302 
 342.470703 
 203.119263 
 201.386627 
 223.850708 
 278.268341 
 208.106232 
 226.157364 
 295.515564 
 289.218719 
 438.522522 
 228.905655 
 222.826447 
 297.345215 
 258.054291 
 230.959351 
 250.434525 
 217.711746 
 352.614044 
 204.958817 
 238.993942 
 277.153992 
 347.069061 
 210.647461 
 251.397430 
 290.057709 
 210.918411 
 200.038559 
 227.696152 
 207.907730 
 599.976013 
 322.073181 
 213.966248 
 233.499237 
 218.684082 
 245.086792 
 286.178619 
 360.336670 
 324.813354 
 314.443298 
 216.863907 
 262.446442 
 329.740265 
 355.033234 
 296.495483 
 378.965546 
 264.774078 
 283.234985 
 283.572449 
 270.556091 
 365.881836 
 227.053467 
 200.690216 
 228.983856 
 216.998871 
 253.979095 
 237.854218 
 209.655472 
 261.123749 
 221.482269 
 202.762009 
 275.769043 
 209.513138 
 337.413239 
 231.864746 
 240.089493 
 216.509384 
 206.393387 
 435.218475 
 293.249359 
 206.224442 
 441.999298 
 272.378632 
 305.694061 
 208.816559 
 221.874298 
 202.540253 
 222.765732 
 387.707245 
 257.931549 
 275.785461 
 296.342255 
 218.855087 
 305.973022 
 206.309250 
 413.114685 
 375.779602 
 236.530365 
 233.622025 
 345.737457 
 216.265152 
 532.357910 
 382.657379 
 285.952850 
 284.692688 
 232.994919 
 225.297287 
 360.270599 
 255.159470 
 205.037811 
 243.748398 
 282.152649 
 223.878784 
 383.129791 
 224.381058 
 301.371216 
 370.631989 
 206.192551 
 221.065903 
 250.553192 
 211.139633 
 315.759644 
 223.765198 
 221.440338 
 287.205963 
 212.027634 
 352.070923 
 308.562469 
 341.986145 
 390.278107 
 225.873474 
 233.881714 
 200.811188 
 285.484741 
 219.057632 
 256.604065 
 418.476440 
 255.894073 
 243.968582 
 307.291351 
 267.717133 
 233.011414 
 226.246124 
 239.501480 
 203.868408 
 371.248291 
 206.378693 
 252.463272 
 280.364716 
 374.301422 
 692.644897 
 291.621063 
 647.496216 
 239.396194 
 243.123901 
 288.418945 
 318.583221 
 223.088837 
 271.981506 
 229.310349 
 311.884705 
 212.607590 
 250.804001 
 407.369965 
 280.780029 
 205.839951 
 229.200943 
1016.159851 
 314.278656 
 200.813721 
 270.960693 
 303.878510 
 307.910675 
 218.220703 
 331.256439 
 219.679398 
 478.904053 
 291.930939 
1025.002197 
 286.771362 
 377.029572 
 256.365265 
 262.881622 
 479.460236 
 239.405441 
 233.321869 
 459.827942 
 260.484375 
 385.014526 
 286.982849 
 274.094177 
 273.728027 
 208.924042 
 222.689148 
 209.417282 
 397.171997 
 564.078064 
 236.523804 
 296.158112 
 223.445892 
 223.497620 
 207.465164 
1308.112671 
 239.357788 
 250.405228 
 241.474228 
 248.878723 
 237.007248 
 340.502502 
 254.024887 
 248.626007 
 285.441040 
 393.619415 
 250.888077 
 236.101593 
 217.361420 
 253.041092 
 208.828400 
 234.796371 
 400.556610 
 248.836166 
 291.951324 
 295.122253 
 200.713852 
 208.499481 
 226.906342 
 364.531281 
 214.215622 
 298.230835 
 232.317535 
 251.625473 
 323.081329 
 389.016541 
 439.925476 
 257.168762 
 319.316559 
 203.762115 
 237.873322 
 317.560547 
 373.094971 
 275.316864 
 652.387329 
 342.880981 
 278.408234 
 439.262634 
 235.648392 
 363.297302 
 215.345505 
 200.865311 
 683.033691 
 303.038177 
 228.335403 
 218.547073 
 251.993149 
 201.274689 
 230.272491 
 337.545624 
 209.222137 
 412.250061 
 471.793060 
 276.063843 
 253.672974 
 209.410248 
 252.170959 
 237.985275 
 249.130966 
 413.160828 
 286.764984 
 321.595673 
 202.609497 
 344.979980 
 263.399445 
 257.802979 
 251.501129 
 219.817078 
 200.526459 
 229.169250 
 399.321930 
 275.428131 
 282.438751 
 205.617554 
 268.888397 
 294.451172 
 264.313477 
 224.811981 
 485.417145 
 247.931564 
 240.788925 
 201.172302 
 277.674438 
 287.802246 
 207.530930 
 616.702576 
 455.904083 
 336.727112 
 392.292664 
 270.487183 
 431.580200 
 261.514191 
 282.118744 
 237.713486 
 211.165115 
 240.201248 
 265.712708 
 226.209259 
 254.150482 
 355.484833 
 226.357956 
 244.009644 
 205.689911 
 424.456055 
 242.800018 
 263.949463 
 207.912384 
 214.556000 
 283.423401 
 250.130325 
 245.480362 
 243.567612 
 215.519012 
 268.174561 
 258.503235 
 515.055237 
 300.339447 
 263.268341 
 230.537109 
 302.749146 
 223.568207 
 365.235962 
 235.296005 
 239.837997 
 379.788788 
 235.339111 
 499.619476 
 256.037384 
 438.309570 
 274.284760 
 215.328156 
 274.692322 
 284.420532 
 217.161606 
 320.177155 
 203.134399 
 384.018799 
 265.076141 
 205.312927 
 651.994568 
 240.412369 
 229.717850 
 229.892883 
 366.698547 
 411.650330 
 240.510529 
 308.914825 
 233.940140 
 292.267090 
 398.487793 
 242.485611 
 339.717468 
 200.794907 
 240.928024 
 413.986603 
 325.593781 
 253.199585 
 521.679199 
 394.690186 
 292.019073 
 268.511322 
 292.318634 
 273.647583 
 331.508392 
 299.014679 
 429.827667 
 228.648743 
 271.829834 
 233.656052 
 209.432404 
 301.814331 
 219.339844 
 240.222473 
 271.286957 
 219.333847 
 300.016693 
 471.656433 
 229.373367 
 253.039169 
 371.035400 
 338.492218 
 390.787201 
 265.235199 
 236.934708 
 316.324371 
 355.454498 
 227.252243 
 201.463531 
 240.030685 
 211.922623 
 203.610168 
 314.551697 
 403.755035 
 246.598114 
 231.627823 
 249.839966 
 213.880524 
 253.636032 
 236.408035 
 225.824936 
 287.402466 
 285.007812 
 381.677032 
 212.106750 
 292.067017 
 300.008453 
 263.695129 
 236.624161 
 209.838699 
 227.566742 
 232.383163 
 296.465149 
 209.192780 
 202.525284 
 335.596924 
 207.864456 
 298.333008 
 241.568130 
 477.740204 
 408.568237 
 228.528931 
 735.788940 
 267.034271 
 480.455475 
 235.896393 
 230.167068 
 239.853912 
 300.615601 
 266.469757 
 337.390472 
 258.446686 
 268.909943 
 263.956177 
 257.790894 
 287.259888 
 358.210754 
 269.207642 
 313.432739 
 207.954132 
 211.246490 
 245.629913 
 372.474487 
 216.361053 
 331.420410 
 265.429840 
 213.995255 
 323.733307 
 372.177826 
 350.415161 
 258.153198 
 252.478699 
 206.861557 
 225.123093 
 212.935638 
 391.833710 
 296.118317 
 203.804321 
 213.525284 
 264.330383 
 265.341309 
 213.442429 
 297.659729 
 461.228119 
 380.016449 
 224.623901 
 223.901978 
 200.973511 
 218.479507 
 217.263870 
 271.865662 
 316.505096 
 340.175903 
 213.253494 
 234.871185 
 252.621155 
 370.463776 
 210.057129 
 201.792191 
 321.226990 
 273.401672 
 270.720520 
 253.108276 
 205.503525 
 241.417999 
 200.849915 
 238.751801 
 316.794922 
 280.490845 
 231.714203 
 230.295074 
 413.015961 
 308.057373 
 246.058868 
 308.067047 
 407.768311 
 249.320450 
 318.214142 
 594.554260 
 209.253036 
 359.763794 
 241.060654 
 212.340744 
 202.922226 
 274.998474 
 268.248138 
 227.134674 
 219.912201 
 205.999771 
 241.488708 
 217.881699 
 260.287292 
 207.449158 
 308.541229 
 323.986420 
 371.795685 
 488.532593 
 207.922485 
 350.257690 
 258.705353 
 217.713806 
 261.561920 
 258.256897 
 225.282883 
 291.972351 
 366.674683 
 270.023285 
 208.358017 
 262.629089 
 371.690674 
 310.820526 
 301.884094 
 371.089203 
 217.985077 
 218.220047 
 205.473923 
 202.412918 
 243.589218 
 206.313614 
 473.717957 
 333.414001 
 204.911499 
 202.525192 
 209.313217 
 238.243820 
 359.381592 
 252.834274 
 541.509155 
 232.162003 
 207.122009 
 208.251999 
 261.223877 
 204.868317 
 220.771912 
 273.464752 
 324.016144 
 223.735764 
 343.553040 
 311.722137 
 258.669373 
 522.829346 
 206.678009 
 259.570496 
 261.759735 
 230.949127 
 423.361542 
 200.594482 
 217.512192 
 203.929016 
 206.797241 
 240.737427 
 202.132446 
 291.240295 
 216.902374 
 220.919510 
 222.793518 
 325.233978 
 346.244507 
 218.820694 
 224.714890 
 217.014435 
 301.725403 
 245.926697 
 421.518036 
 398.528961 
 211.837845 
 211.694061 
 277.890839 
 215.750885 
 240.434570 
 219.186066 
 269.312042 
 209.067734 
 229.831558 
1029.618042 
 223.726883 
 280.810028 
 230.255447 
 429.580475 
 259.172485 
 289.736603 
 250.633392 
 294.174683 
 308.719238 
 352.042480 
 204.665161 
 202.875809 
 214.425125 
 300.202820 
 223.040283 
 209.266144 
 247.295380 
 298.330231 
 224.766846 
 225.605316 
 374.447479 
 304.687408 
 378.812836 
 263.241699 
 233.021362 
 352.179230 
 200.306168 
 220.977966 
 253.038986 
 311.836884 
 328.708313 
 291.913025 
 201.436066 
 246.459457 
 278.586365 
 279.920929 
 203.851044 
 325.814697 
 296.205658 
 252.568665 
 218.517944 
 285.371948 
 209.690094 
 363.340607 
 256.986481 
 268.583099 
 329.594818 
 296.768524 
 276.572693 
 221.931702 
 398.971741 
 223.522995 
 213.029953 
 213.492905 
 228.467728 
 397.734680 
 269.292023 
 272.533783 
 426.981934 
 269.172241 
 274.210388 
 200.376282 
 342.146301 
 478.505402 
 200.372406 
 355.740967 
 277.513336 
 205.257965 
 239.803986 
 273.297394 
 212.217255 
 223.482086 
 243.693970 
 209.433212 
 396.272827 
 242.674942 
 311.745911 
 204.926804 
 288.730927 
 254.911499 
 200.425247 
 204.899094 
 231.613785 
 292.018433 
 247.256378 
 356.041962 
 285.247498 
 348.300079 
 237.062927 
 424.025299 
 226.158951 
 701.918457 
 297.190674 
 205.934708 
 342.275208 
 389.768829 
 358.231201 
 412.604950 
 326.874420 
 772.484375 
 219.402084 
 301.062531 
 268.216125 
 211.273636 
 421.707123 
 481.805084 
 204.491577 
 307.119537 
 246.357071 
 232.326782 
 238.775131 
 280.310791 
 392.415466 
 267.379883 
 291.118561 
 271.023010 
 241.663651 
 252.698807 
 433.083649 
 218.468903 
 314.868286 
 243.836823 
 209.123383 
 201.674820 
 464.016846 
 211.494522 
 209.539841 
 248.889221 
 404.240295 
 214.650635 
 255.608490 
 265.807800 
 218.342789 
 365.089752 
 304.252289 
 260.526733 
 367.148468 
 291.223602 
 207.415848 
 343.974792 
 246.129349 
 313.336487 
 250.943863 
 225.765121 
 256.972015 
 239.689682 
 298.887787 
 205.191071 
 284.513702 
 209.513016 
 240.917587 
 224.221985 
 316.268738 
 212.639664 
 214.466400 
 222.081207 
 218.960083 
 223.423981 
 410.261566 
 290.046234 
 341.700928 
 421.240173 
 208.545212 
 234.110413 
 302.475098 
 487.270996 
 231.728668 
 253.720871 
 248.127960 
 452.835052 
 301.782684 
 338.175507 
 216.759949 
 281.823334 
 325.699097 
 206.989532 
 368.780579 
 280.170624 
 200.654968 
 247.780441 
 407.396698 
 221.709290 
 333.034912 
 206.612778 
 222.709671 
 255.391739 
 243.193542 
 220.165543 
 256.240509 
 300.798065 
 245.909409 
 290.835510 
 220.468872 
 333.495087 
 422.848358 
 243.018799 
 261.668213 
 276.600189 
 250.447922 
 296.394684 
 335.498291 
 322.762909 
 236.128098 
 428.213715 
 222.165085 
 238.975876 
 230.060593 
 296.518433 
 249.491364 
 274.212372 
 220.554535 
 234.448120 
 232.186234 
 389.436554 
 308.840637 
 346.577362 
 217.063400 
 245.967896 
 283.594940 
 230.177551 
 220.015961 
 201.202286 
 649.963989 
 329.333344 
 260.904633 
 430.921082 
 214.147629 
 215.528229 
1528.804077 
 205.826324 
 381.624481 
 204.063156 
 266.883972 
 215.096970 
 202.119141 
 315.620697 
 202.694183 
 293.282471 
 203.247025 
 251.467575 
 210.166367 
 228.789352 
 292.378174 
 241.893356 
 241.206589 
 451.441223 
 208.380508 
 209.200272 
 227.504120 
 273.783447 
 220.922409 
 245.691772 
 269.389313 
 284.441772 
 315.528839 
 240.416519 
 200.164291 
 608.910645 
 225.033600 
 224.469788 
 260.396698 
 235.511902 
 333.898773 
 385.198639 
 248.871277 
 289.563171 
 450.263458 
 342.064819 
 253.941071 
 204.918533 
 215.441101 
 276.681366 
 272.369568 
 260.049561 
 233.416504 
 265.147888 
 204.614502 
 289.530487 
 342.788452 
 270.075226 
 240.868744 
 279.419891 
 219.587250 
 221.968536 
 314.117004 
 602.349548 
 389.488495 
 204.481720 
 214.662323 
 429.043060 
 233.531586 
 238.187927 
 224.771805 
 257.124481 
 321.724152 
 205.607361 
 200.930267 
 243.269913 
 210.167679 
 245.780533 
 287.174133 
 379.787079 
 312.630676 
 662.712219 
 218.986435 
 220.074493 
 216.116699 
 719.541077 
 292.618408 
 813.022766 
 221.825500 
 675.437073 
 208.439896 
 209.346115 
 227.720200 
 263.937866 
 202.153152 
 214.210266 
 206.840012 
 206.542007 
 203.121658 
 239.351151 
 211.653198 
 353.229736 
 264.587555 
 215.656387 
 331.326935 
 320.336731 
 241.256638 
 223.116425 
 210.533966 
 288.205017 
 218.127930 
 272.724243 
 250.364960 
 220.437149 
 258.438599 
 264.419312 
 260.748199 
 204.088226 
 230.946243 
 312.514648 
 505.759521 
 345.771179 
 203.488953 
 287.532349 
 202.178879 
 279.758728 
 297.439636 
 204.541534 
 237.022522 
 326.991608 
 233.994797 
 271.746887 
 256.994232 
 212.194962 
 231.977112 
 405.502777 
 314.354095 
 218.606842 
 262.220062 
 410.994049 
 201.429230 
 267.805359 
 228.576233 
 337.280792 
 411.847351 
 308.260529 
 375.212738 
 304.654297 
 286.593323 
 202.782654 
 201.231567 
 226.534912 
 208.758728 
 274.543518 
 233.847031 
 224.483505 
 216.113510 
 205.874161 
 345.741699 
 240.640671 
 266.818115 
 281.937836 
 214.873886 
 270.305847 
 306.258209 
 510.639343 
 217.051437 
 297.284027 
 223.296738 
 203.712387 
 207.001083 
 431.749695 
1295.610718 
 242.725693 
 330.371460 
 310.440796 
 223.002258 
 311.879852 
 324.864685 
 308.921570 
 211.627899 
 222.870636 
 220.650345 
 204.466614 
 280.201965 
 224.484390 
 201.704544 
 281.921173 
 284.555878 
 218.831680 
 277.469208 
 376.791992 
 258.895630 
 209.454254 
 269.422913 
 242.645630 
 223.576385 
 217.822922 
 429.115601 
 201.760483 
 289.598633 
 203.991669 
 309.063934 
 203.991821 
 254.186539 
 231.942505 
 367.356018 
 396.842194 
 232.603485 
 200.058212 
 209.296906 
 255.342941 
 222.007187 
 321.996582 
 207.347626 
 240.487457 
 204.864929 
 202.884293 
 345.470123 
 310.433105 
 215.646835 
 309.277557 
 293.044586 
 203.331039 
 207.887939 
 362.458252 
 418.142456 
 244.974884 
 203.304153 
 202.435226 
 327.672516 
 207.503723 
 230.753174 
 282.750946 
 217.856583 
 471.959076 
 225.383575 
 257.190308 
 376.549377 
 306.698547 
 328.298920 
 614.662048 
 229.593185 
 218.931992 
 345.978271 
 278.457764 
 302.547455 
 208.073853 
 225.924332 
 527.014160 
 213.380280 
 236.325211 
 216.228317 
 378.597443 
 355.952209 
 240.273605 
 261.157959 
 248.077789 
 241.960861 
 392.071716 
 206.052368 
 207.476044 
 216.389709 
 229.912125 
 270.893036 
 208.008194 
 459.393707 
 281.713379 
 228.387589 
 200.809006 
 436.708496 
 378.931824 
 218.512573 
 286.666748 
 204.811264 
 352.155853 
 202.103821 
 227.152588 
 206.035217 
 326.242645 
 313.838593 
 256.439209 
 322.566620 
 314.485443 
 370.071777 
 219.610458 
 249.792679 
 317.411560 
 202.085770 
 245.828400 
 256.786316 
 387.226685 
 211.001282 
 215.423355 
 225.457016 
 440.719788 
 247.322739 
 223.228409 
 217.898422 
 202.269424 
 600.029541 
 241.801208 
 292.458252 
 214.338043 
2233.247559 
 422.203125 
 229.588699 
 260.031677 
 550.825134 
 251.048538 
 294.543396 
 257.409332 
 205.138382 
 385.382233 
 205.562225 
 254.781754 
 211.177551 
 209.660751 
 206.630585 
 343.592072 
 226.736176 
 357.217316 
 213.677383 
 220.148956 
 211.210220 
 208.991592 
 295.213196 
 267.105591 
 527.680054 
 217.492157 
 219.527725 
 218.206146 
 351.135315 
 224.871658 
 303.546448 
 228.450394 
 214.647736 
 761.659363 
 299.041199 
 232.652695 
 416.117218 
 244.959106 
 329.911133 
 518.833435 
 389.377411 
 436.612732 
 232.923920 
 207.982086 
 260.469147 
 203.809998 
 335.681580 
 234.743652 
 278.879944 
 256.929810 
 242.030411 
 269.457855 
 303.295746 
 276.301331 
 270.679077 
 206.177231 
 248.586990 
 386.969208 
 224.450638 
 250.300171 
 302.369934 
 260.689484 
 215.455978 
 202.602127 
 208.088913 
 256.281799 
 241.640854 
 260.608917 
 202.388580 
 230.544159 
 452.766602 
 234.809464 
 457.528107 
 302.496521 
 222.415833 
 295.444000 
 388.235626 
 214.815277 
 205.839294 
 207.917465 
 373.557770 
 317.207458 
 213.952026 
 260.377289 
 202.970062 
 218.167648 
 222.674377 
 239.185242 
 209.238068 
 254.805222 
 393.894562 
 204.776657 
 236.233459 
 388.492371 
 208.321213 
 270.814545 
 205.027817 
 237.854279 
 497.284119 
 255.289566 
 238.684799 
 204.553848 
 303.253235 
 334.531036 
 207.575668 
 309.603577 
 546.559082 
 428.511230 
 255.900269 
 293.910034 
 206.469589 
 228.754196 
 200.975143 
 289.901825 
 239.585022 
 212.130356 
 232.759476 
 237.747070 
 214.166214 
 220.774933 
 382.451843 
 215.450912 
 207.150970 
 210.936554 
 290.575134 
 208.408035 
 213.158661 
 642.761108 
 310.577393 
 412.135773 
 384.799255 
 346.638947 
 229.678986 
 201.454651 
 215.205200 
 309.377136 
 455.632538 
 273.011078 
 248.932098 
 225.686676 
 483.669586 
 268.987976 
 212.632812 
 233.127502 
 213.280426 
 370.479462 
 243.324890 
 309.707184 
 314.323120 
 214.566986 
 212.812683 
 205.760681 
 253.223785 
 239.692276 
 210.895401 
 241.571243 
 394.678070 
 210.061859 
 348.982574 
 230.365311 
 284.291504 
 474.119232 
 438.729462 
 721.767761 
 260.246643 
 249.559662 
 204.569107 
 427.528076 
 269.257660 
 284.940186 
 202.247421 
 217.536224 
 317.343231 
 221.292435 
 204.701233 
 209.607178 
 371.822723 
 208.806503 
 214.436188 
 420.540436 
 211.555038 
 222.988907 
 329.232727 
 274.607727 
 404.735077 
 249.425018 
 271.703979 
 202.698288 
 225.271118 
 214.959000 
 219.883972 
 244.851395 
 264.999786 
 222.050705 
 233.116425 
 203.705994 
 520.307678 
 390.417419 
 205.144257 
 353.869354 
 392.683624 
 204.236679 
 286.309784 
 213.786667 
 212.924698 
 288.670685 
 285.753510 
 319.223267 
 227.246536 
 431.328583 
 363.062836 
 220.604111 
 322.335297 
 315.609589 
 303.468719 
 442.673767 
 317.659027 
 245.890259 
 324.343872 
 281.051666 
 294.457764 
 226.201248 
 217.902054 
 405.086853 
 276.106812 
 395.415466 
 891.186462 
 349.731964 
 204.482208 
 213.426224 
 213.039444 
 204.179108 
 210.411804 
 253.219238 
 266.795074 
 389.342285 
 255.062363 
 262.199585 
 245.635590 
 358.481140 
 224.317810 
 204.224533 
 206.216415 
 239.286102 
 254.690842 
 246.132462 
 289.391693 
 238.653992 
 287.612915 
 244.563843 
 202.534409 
 205.046432 
 297.496887 
 476.120056 
 215.986450 
 228.807968 
 226.142792 
 206.580307 
 254.477737 
 273.519867 
 247.353073 
 241.564468 
 334.870056 
 299.371857 
 565.697632 
 281.467072 
 200.135757 
 249.339294 
 216.302399 
 204.197922 
 300.357178 
 208.144363 
 224.274353 
 224.408859 
 407.661224 
 235.581039 
 278.969482 
 243.901337 
 699.925415 
 283.910431 
 294.876282 
 285.867065 
 684.306519 
 339.623810 
 254.106888 
 465.180359 
 235.956833 
 296.579376 
 213.790497 
 290.851776 
 231.609238 
 285.654388 
 258.528290 
 337.495880 
 200.834656 
 218.164749 
 349.355865 
 353.477722 
 257.683838 
 250.996460 
 324.135010 
 263.394989 
 318.695526 
 253.169556 
 207.930405 
 238.641129 
 206.149231 
 312.156281 
 262.262329 
 329.183868 
 251.603516 
 230.864273 
 258.842926 
 209.780029 
 438.005371 
 279.445251 
 240.249283 
 220.437302 
 212.230972 
 323.790405 
 201.428940 
 266.746490 
 235.913345 
 345.226593 
 632.349060 
 260.129639 
 201.721497 
 230.034348 
 261.573425 
 258.856659 
 402.645782 
 211.932343 
 223.045090 
 418.200470 
 200.991486 
 212.794632 
 247.223190 
 494.038635 
 283.539154 
 212.291550 
 205.006973 
 229.529816 
 367.713043 
 208.709808 
 290.824646 
 282.265533 
 282.981445 
 250.946854 
 221.527374 
 211.757004 
 327.872253 
 249.098053 
 272.567261 
 365.672668 
 213.668533 
 566.255371 
 316.751556 
 223.630981 
 234.716904 
 213.496231 
 200.884369 
 221.901855 
 224.222931 
 217.889908 
 392.639435 
 321.234558 
 202.872528 
 563.160706 
 211.599747 
 326.071869 
 435.105347 
 277.511292 
 374.888550 
 320.769989 
 274.405273 
 267.355896 
 338.393036 
 230.941971 
 230.362686 
 257.759033 
 568.994934 
 282.268280 
 340.888245 
 278.423523 
 252.918549 
 211.596298 
 229.290787 
 322.702667 
 255.966309 
 440.105743 
 248.813309 
 233.823883 
1442.217529 
 322.236664 
 331.430206 
 502.264801 
 296.423187 
 206.386673 
 208.587372 
 255.227631 
 360.480621 
 215.534683 
 484.393250 
 218.334213 
 251.983536 
 222.722656 
 381.599609 
 201.330399 
 223.771133 
 215.174347 
 312.941956 
 363.317261 
 257.270630 
 233.734543 
 280.951385 
 213.045090 
 393.155609 
 215.984787 
 207.997070 
 218.412827 
 362.847321 
 212.415817 
 250.767410 
 247.577652 
 203.855087 
 227.042343 
 300.279663 
 260.862976 
 333.608490 
 300.856201 
 202.944611 
 361.549469 
 201.804764 
 264.857208 
 323.548553 
 206.628159 
 248.486938 
 240.216980 
 217.308517 
 352.777740 
 238.433105 
 291.691284 
 222.391541 
 266.615204 
 329.447083 
 364.565216 
 204.191940 
 249.465515 
 350.776062 
 463.474640 
 206.854340 
 200.384262 
 355.688263 
 212.195801 
 264.197296 
 201.097961 
 509.667725 
 414.797119 
 247.362427 
 265.132233 
 208.136230 
 221.109314 
 257.130890 
 447.519165 
 297.836487 
 374.579681 
 225.538254 
 312.860291 
 358.836487 
 257.973175 
 303.779785 
 298.493317 
 208.463776 
 332.995514 
 223.617111 
 239.833191 
 250.115005 
 226.432327 
 295.174774 
 263.706970 
 213.900894 
 263.847382 
 294.715027 
 224.758743 
 273.079529 
 208.553436 
 200.542145 
 206.914917 
 229.817261 
 317.794739 
 273.096497 
 213.292236 
 218.856415 
 275.954498 
 230.973297 
 410.951447 
 284.184265 
 527.681763 
 411.130585 
 387.861450 
 282.414948 
 204.504089 
 611.904663 
 212.824875 
 339.448425 
 212.267181 
 385.123749 
 214.547134 
 236.003967 
 391.487549 
 216.428574 
 373.706635 
 244.345901 
 372.097412 
1077.128662 
 210.167343 
 219.231766 
 793.120239 
 210.222626 
 524.780396 
 215.225433 
 274.042236 
 204.508316 
 200.573471 
 205.651749 
 422.907593 
 295.318512 
 209.603485 
 256.653992 
 270.747040 
 201.730225 
 526.811646 
 247.233551 
 200.208603 
 214.601776 
 201.370010 
 248.859131 
 219.538086 
 249.818008 
 210.664062 
 338.416840 
 439.383606 
 264.999023 
 239.888367 
 246.632401 
 400.901917 
 203.618195 
 248.345169 
 260.484070 
 293.967712 
 214.822769 
 437.005371 
 348.418091 
 251.161224 
 215.757584 
 228.209930 
 533.329956 
 394.532349 
 212.815552 
 241.173309 
 271.940430 
 246.685410 
 230.510925 
 203.069077 
 231.463104 
 216.600998 
 286.787933 
 250.744781 
 320.190796 
 271.633026 
 205.269897 
 250.028748 
 202.449371 
 203.203049 
 222.108932 
 232.197784 
 272.427734 
 380.732910 
 211.249023 
 251.001968 
 271.901947 
 263.761963 
 239.662399 
 331.137329 
 252.598846 
 213.432449 
 314.665741 
 685.291992 
 206.258636 
 305.449951 
 407.800842 
 268.441193 
 230.344299 
 243.157974 
 324.439209 
 300.306091 
 279.668854 
 286.821991 
 379.558655 
 202.122955 
 211.034561 
 310.171936 
 463.756317 
 254.788239 
 372.379395 
 326.842010 
 348.005524 
 254.052444 
 291.897247 
 317.278931 
 202.473206 
 391.348511 
 236.471985 
 343.112152 
 267.116028 
 261.027374 
 323.049683 
 280.520752 
 300.426758 
 609.950073 
 260.623230 
 238.790298 
 342.343781 
 222.153229 
 494.801422 
 216.709076 
 383.660431 
 214.675888 
 225.711243 
 311.130219 
 274.883606 
 316.632294 
 247.370087 
 201.956970 
 244.369934 
 271.714111 
 205.924377 
 217.639404 
 211.398666 
 238.536972 
 312.628418 
 224.881485 
 215.182755 
 201.646545 
 520.620728 
 242.927902 
 208.955643 
 202.754852 
 520.238464 
 480.195374 
 272.958221 
 230.924026 
 302.412781 
 422.966919 
 272.947784 
 290.470673 
1052.153442 
 225.857147 
 280.570312 
 306.939026 
 200.002396 
 280.710144 
 328.833649 
 218.018509 
 289.655304 
 231.526398 
 307.706635 
 242.053238 
 278.510986 
 319.846954 
 200.062851 
 377.661987 
 209.769211 
 215.027588 
 208.388550 
 230.398575 
 290.697662 
 250.453110 
 210.700150 
 349.030334 
 356.638214 
 229.488678 
 706.428711 
 256.301666 
 237.638565 
 267.847992 
 231.482468 
 204.129822 
 231.582886 
 343.547760 
 265.263000 
 252.188293 
 539.762329 
 298.111359 
 348.926270 
 324.629578 
 223.328964 
 215.025330 
 284.734253 
 307.205383 
 304.374420 
 310.135437 
 232.845215 
 280.234314 
 307.931122 
 213.096573 
 200.359604 
 241.211197 
 352.058411 
 204.067734 
 228.541046 
 319.979004 
 281.844360 
 227.978088 
 375.319122 
 432.450226 
 440.132446 
 383.275024 
 242.394897 
 252.471909 
 257.922302 
 270.684448 
 606.746216 
 302.053894 
 221.828079 
 232.606537 
 591.381409 
 230.955292 
 235.847504 
 204.821304 
 215.960510 
 368.546326 
 265.654388 
 568.905151 
 223.368713 
 461.056183 
 308.851562 
 240.910553 
 274.603424 
 281.363892 
 283.186371 
 240.212296 
 501.993652 
 246.042572 
 222.052139 
 200.064209 
 249.597382 
 279.088623 
 228.406937 
 243.174194 
 256.716888 
 224.114273 
 272.487579 
 222.726212 
 209.519760 
 235.939514 
 214.790192 
 426.360901 
 325.549286 
 244.505905 
 325.122375 
 339.345123 
 288.310791 
 206.556046 
 813.585510 
 319.916016 
 280.901428 
 214.856140 
 420.218658 
 522.492920 
 214.314072 
 345.139862 
 209.916489 
 315.421387 
 347.033722 
 302.372406 
 225.696152 
 221.214249 
 200.332077 
 307.499054 
 275.995667 
 323.562042 
 202.987106 
 397.334778 
 224.659790 
 245.227417 
 295.559723 
 205.999863 
 247.946655 
 254.709991 
 224.470428 
 205.883621 
 421.037598 
 273.089020 
 212.267975 
 445.766083 
 202.384140 
 235.454208 
 258.236908 
 200.270035 
 417.394165 
 314.756104 
 224.436493 
 211.318726 
 290.121063 
 391.592407 
 254.599457 
 324.801117 
 467.685059 
 242.145554 
 367.445648 
 264.726196 
 237.847900 
 207.330444 
 233.075577 
 214.933960 
 255.440277 
 205.170059 
 253.311966 
 237.672562 
 205.478943 
 263.045502 
 680.757141 
 235.901459 
 323.501373 
 256.982208 
 271.376434 
 239.783508 
 203.414749 
 505.338196 
 254.476974 
 421.255402 
 302.357788 
 241.725128 
 222.825836 
 215.583115 
 282.200043 
 228.924026 
 570.713318 
 269.183777 
 287.541809 
 328.081329 
 205.028671 
 420.011993 
 301.005493 
 214.155624 
 264.791473 
 264.211273 
 237.239243 
 254.055176 
 235.442902 
 204.011887 
 224.515289 
 266.990540 
 248.758942 
 202.977371 
 384.316498 
 233.448578 
 284.513367 
 226.117584 
 244.460938 
 263.068817 
 232.116241 
 208.623505 
 803.747192 
 234.002121 
 278.412140 
 264.090698 
 256.225189 
 280.923431 
 327.954742 
 282.546997 
 329.302094 
 314.055420 
 292.998383 
 256.083466 
 433.306671 
 364.363068 
 461.149353 
 259.867401 
 269.826813 
 240.262039 
 241.901367 
 223.013184 
 365.590332 
 233.224976 
 323.194031 
 281.776794 
 209.256424 
 389.136200 
 229.888367 
 368.628387 
 212.541504 
 225.476700 
 205.665298 
 277.377045 
 217.266342 
 243.487488 
 239.590912 
 245.310562 
 445.017426 
 239.144241 
 212.453796 
 212.638245 
 343.163422 
 259.288513 
 433.214203 
 213.643066 
 346.376801 
 238.987930 
 211.775970 
 252.261749 
 203.295166 
 271.350311 
 241.392776 
 285.690094 
 207.849457 
 206.987747 
 228.855728 
 221.278610 
 225.702301 
 221.230087 
 335.916687 
 247.551590 
 219.774918 
 274.198242 
 295.624847 
 266.723114 
 409.322479 
 237.367142 
 217.716827 
 229.937790 
 233.166168 
 230.367676 
 292.257111 
 265.067078 
 229.779297 
 392.227722 
 249.057983 
 317.837280 
 292.719818 
 340.110016 
 280.561127 
 276.899139 
 289.099213 
 245.432983 
 326.820648 
 214.617981 
 267.613983 
 225.070969 
 253.047928 
 230.816574 
 253.668869 
 423.245636 
 263.970795 
 222.805588 
 301.101898 
 245.715332 
 230.097809 
 400.326813 
 272.735992 
 201.471863 
 212.401596 
 207.628250 
 242.916840 
 215.440216 
 224.288589 
 237.300995 
 340.845917 
 356.205200 
 295.952850 
 240.230209 
 277.002136 
 360.254852 
 218.830978 
 225.145035 
 216.382309 
 214.095749 
 282.363312 
 250.656967 
 406.535339 
 408.831116 
 244.224136 
 253.094864 
 234.172440 
 251.704407 
 281.321686 
 211.510147 
 226.388901 
 296.594543 
 217.956192 
 266.922607 
 384.471313 
 215.044556 
 366.090790 
 248.170776 
 331.193878 
 257.235413 
 232.070480 
 403.333282 
 391.717194 
 366.782166 
 276.155670 
 277.529114 
 242.535126 
 748.771423 
 284.575653 
 203.828094 
 315.240997 
 227.542450 
 440.256683 
 203.658432 
 213.090469 
 330.961609 
 317.093353 
 279.497284 
 326.293304 
 236.126846 
 241.709381 
 204.025955 
 202.203415 
 216.282867 
 447.419830 
 276.409790 
 319.290100 
 208.078766 
 212.252121 
 250.430206 
 393.166779 
 229.245636 
 226.658234 
 273.929626 
 205.584885 
 271.408966 
 208.287308 
 233.373688 
 338.346619 
 273.252228 
 299.938507 
 403.800537 
 266.294708 
 261.544647 
 500.394318 
 465.424591 
 220.739197 
 233.421265 
 207.027191 
 224.004532 
 216.818161 
 333.520233 
 229.707138 
 205.158203 
 212.474045 
 279.275604 
 214.034653 
 241.865891 
 217.027069 
 242.916977 
 206.850037 
 349.878235 
 203.155304 
 240.667664 
 284.618256 
 206.229172 
 201.126526 
 260.346375 
 533.945190 
 251.530411 
 227.802200 
 217.702530 
 200.071411 
 220.435318 
 211.200790 
 219.385269 
 454.970184 
 366.653564 
 322.588470 
 240.290848 
 342.014008 
 285.254608 
 214.356949 
 207.585922 
 245.452240 
 242.869629 
 223.473831 
 232.067642 
 233.840652 
 328.605469 
 328.345642 
 213.741226 
 295.469330 
 230.163940 
 270.060822 
 575.808472 
 207.883728 
 249.715714 
 267.563263 
 467.131927 
 316.699463 
 280.301270 
 324.654968 
 252.383255 
 233.873489 
 235.284164 
 217.967728 
 220.408279 
 242.298599 
 286.676178 
 235.782043 
 276.199036 
 268.146606 
 225.584030 
 202.713318 
 269.310272 
 229.955704 
 273.392181 
 368.831482 
 289.022919 
 242.645859 
 246.336975 
 234.544662 
 221.879608 
 218.230789 
 202.467163 
 777.000183 
 457.009003 
 208.986191 
 512.379395 
 245.390411 
 211.720703 
 232.854797 
 206.923035 
 230.876328 
 309.417603 
 331.769775 
 213.547516 
 388.508881 
 307.998718 
 227.996262 
 371.770386 
 335.801483 
 340.097534 
 322.534271 
 275.248322 
 214.723129 
 248.661026 
 266.906372 
 253.441971 
 399.847046 
 311.307831 
 215.973419 
 200.304047 
 470.409058 
 241.414993 
 231.731094 
 217.295334 
 428.985168 
 207.229248 
 237.704514 
 247.961624 
 229.285278 
 637.560608 
 206.365616 
 227.905106 
 220.258636 
 208.803131 
 217.851440 
 234.609268 
 299.711212 
 234.798172 
 210.224228 
 251.198166 
 217.650238 
 334.963470 
 351.586304 
 287.270752 
 202.953049 
 210.988266 
 210.557816 
 380.707397 
 269.110291 
 321.007172 
 288.061218 
 420.486908 
 214.236633 
 282.391937 
 345.713654 
 220.831802 
 237.519470 
 371.262695 
 584.220398 
 200.026703 
 241.257812 
 228.960251 
 222.121170 
 245.490128 
 994.910461 
 254.660004 
 419.899292 
 221.437698 
 250.500748 
 263.810852 
 284.984955 
 228.076569 
 611.760986 
 337.141998 
 317.634064 
 216.172485 
 232.691010 
 215.409439 
 215.437210 
 589.633667 
 297.784119 
 253.258362 
 258.417694 
 217.506470 
 308.142944 
 355.580688 
 601.439148 
 584.995789 
 234.589218 
 389.207611 
 368.410461 
 372.846039 
 365.941254 
 209.032227 
 313.734833 
 232.290070 
 277.312683 
 296.575348 
 207.121582 
 388.007233 
 217.112411 
 247.902847 
 298.355225 
 705.656189 
 205.848892 
 232.591415 
 381.805359 
 452.479034 
 232.928467 
 361.210876 
 474.054077 
 227.325134 
 256.388977 
 208.586395 
 226.025436 
 404.302094 
 208.386719 
 201.037567 
 258.759827 
 218.375504 
 220.187943 
 242.966217 
 201.024780 
 249.194122 
 352.602753 
 208.810608 
 217.939011 
 310.449249 
 259.658936 
 240.465057 
 215.192947 
 211.178848 
 263.334564 
 250.858505 
 292.560181 
 220.809753 
 262.807739 
 222.941513 
 321.420807 
 266.237854 
 279.355164 
 317.555328 
 226.206757 
 248.224182 
 228.222824 
 211.625824 
 252.062714 
 273.228149 
 221.924072 
 207.727463 
 208.568039 
 297.690247 
 257.842957 
 202.488480 
 243.158234 
 387.233307 
 377.292358 
 417.584015 
 383.916718 
 302.295929 
 247.861053 
 253.144363 
 288.886932 
 210.275391 
 213.617920 
 319.588745 
 203.388519 
 283.606659 
 260.991943 
 388.084595 
 207.011734 
 310.198975 
 285.671265 
 239.381317 
 209.264465 
 310.082092 
 519.038208 
 203.747620 
 227.553986 
 319.943298 
 516.340027 
 217.403915 
 254.321106 
 200.665909 
 227.559082 
 224.018570 
 201.074738 
 216.125504 
 329.704742 
 212.930664 
 201.476624 
 233.140686 
 210.619888 
 215.056442 
 202.686737 
 204.017456 
 210.919418 
 227.642853 
 203.239487 
 257.952179 
 485.007812 
 272.898285 
 337.472595 
 415.372040 
2057.974609 
 204.409714 
 297.106140 
 223.345505 
 279.581818 
 224.149948 
 240.721725 
 255.594879 
 205.711975 
 645.575317 
 207.057922 
 267.902252 
 483.201721 
 206.662811 
 308.050323 
 237.994827 
 219.000305 
 288.727051 
 341.060638 
 204.506912 
 247.062408 
 233.934921 
 229.855667 
 439.231140 
 255.680130 
 277.826111 
 213.941940 
 236.591980 
 200.959854 
 267.528625 
 231.147614 
 213.029526 
 225.138489 
 206.669022 
 215.999100 
 336.981720 
 255.958145 
 222.544312 
 277.900513 
 255.480209 
 222.514404 
 247.054901 
 244.234482 
 202.092041 
 286.137177 
 210.617615 
 277.011627 
 211.769119 
 269.681213 
 200.075607 
 236.386993 
 247.316101 
 205.832657 
 207.010635 
 319.918274 
 327.880402 
 202.852890 
 265.088013 
 325.104340 
 208.806824 
 460.352692 
 351.531372 
 258.257446 
 527.667297 
 449.510071 
 242.823288 
 225.203476 
 227.295013 
 218.838333 
 241.477997 
 268.833130 
 678.134766 
 343.080261 
 207.644409 
 209.259384 
 565.826782 
 333.796600 
 213.171875 
 234.859894 
 250.404556 
 419.790466 
 236.607834 
 227.851685 
 280.558228 
 240.791397 
 345.524048 
 212.423508 
 302.077301 
 240.495773 
 368.649902 
 234.468948 
 246.457535 
 238.430801 
 488.673370 
 227.253983 
 282.333618 
 225.887665 
 201.718658 
 217.205490 
 300.473999 
 315.795227 
 233.279922 
 380.582947 
 286.643829 
 494.215454 
 355.396729 
 364.357971 
 257.631409 
 331.387482 
 271.563385 
 201.949432 
 301.455566 
 353.489349 
 336.200226 
 440.258942 
 280.580200 
 207.453552 
 210.054230 
 595.022888 
 313.329193 
 466.146088 
 218.839752 
 298.079865 
 487.565002 
 324.055878 
 203.700912 
 493.849060 
 537.795044 
 226.543091 
 305.419525 
 350.389343 
 207.835037 
 256.081451 
 261.087708 
 201.310364 
 205.995560 
 358.479126 
 250.149948 
 303.456940 
 242.207214 
 267.937653 
 243.773865 
 364.535858 
 243.538391 
 233.586029 
 200.664047 
 228.533005 
 210.847748 
 573.934021 
 223.035309 
 227.972366 
 235.528152 
 218.409012 
 350.963257 
 262.599274 
 226.667755 
 633.782776 
 325.144104 
 282.519196 
 202.957901 
 221.139053 
 262.634460 
 204.960281 
 400.986481 
 209.151169 
 289.815704 
 251.022156 
 234.139877 
 491.126068 
 717.831482 
 220.531036 
 203.067307 
 217.727737 
 221.231781 
 272.592499 
 232.357880 
 257.101746 
 240.849686 
 253.416779 
 218.968643 
 232.007477 
 451.524353 
 212.148117 
 206.963135 
 431.856659 
 210.151550 
 231.889282 
 236.997940 
 378.167816 
 314.366211 
 328.200867 
 302.790192 
 206.352600 
 300.941833 
 345.543976 
 239.125427 
 578.695557 
 209.208435 
 466.730072 
 272.197235 
 204.822815 
 270.050537 
 309.417206 
 287.704956 
 285.658112 
 261.941711 
 225.337006 
 216.906281 
 200.509003 
 202.984161 
 312.809906 
 212.265182 
 238.174179 
 342.655151 
 376.010406 
 219.069382 
 232.017593 
 214.607910 
 330.830750 
 245.906418 
 266.018341 
 249.183960 
 217.001755 
 237.383942 
 230.338623 
 206.940887 
 245.835663 
 272.076599 
 206.771530 
 223.257904 
 213.553726 
 267.772705 
 212.006104 
 226.805588 
 663.298950 
 236.160828 
 280.953857 
 320.398407 
 302.330200 
 424.110168 
 276.105743 
 333.771271 
 236.341156 
 205.907318 
 335.262848 
 203.214874 
 205.597046 
 230.941040 
 357.438965 
 278.844391 
 208.135391 
 218.960754 
 565.395142 
 400.881287 
 225.419556 
 237.369827 
 243.135696 
 214.782455 
 246.674591 
 255.606201 
 434.997437 
 270.005615 
 292.094727 
 218.906250 
 333.228119 
 281.216736 
 203.524750 
 371.125641 
 535.818176 
 252.555908 
 219.708405 
 208.238205 
 233.389786 
 278.502716 
 231.395233 
 264.826172 
 297.161102 
 310.664154 
 229.055756 
 417.144653 
 227.319504 
 297.878082 
 277.795135 
 259.709351 
 249.570724 
 336.580750 
 326.419067 
 247.291473 
 246.440582 
 302.095123 
 232.555130 
 286.027069 
 218.859634 
 297.251434 
 323.787659 
 205.349152 
 205.522552 
 218.313690 
 225.484848 
 330.466492 
 474.661743 
 311.548157 
 292.287384 
 389.580688 
 455.078705 
 504.486481 
 362.318451 
 240.054825 
 269.712341 
 200.383072 
 453.701355 
 283.946655 
 310.454865 
 309.773132 
 324.584564 
 216.417633 
 207.927628 
 218.610229 
 298.518860 
 202.613052 
 295.384644 
 250.503601 
 275.140717 
 242.686600 
 822.196289 
 206.872910 
 286.547180 
 304.234375 
 211.668091 
 427.092468 
 225.985565 
 319.063660 
 287.936829 
 322.706909 
 252.569885 
 339.261108 
 222.530640 
 293.239532 
 285.747864 
 379.332123 
 219.808899 
 291.438385 
 217.435806 
 313.970337 
 518.956787 
 212.042969 
 206.920593 
 252.042953 
 280.508881 
 388.997864 
 833.369934 
 235.627457 
 289.794189 
 206.209564 
 384.473541 
 209.425537 
 270.452240 
 218.863571 
 286.761780 
 208.813690 
 243.112045 
 306.504578 
 278.536133 
 213.681488 
 200.525787 
 351.448395 
 216.799820 
 300.565155 
 316.380371 
 239.459381 
 266.818695 
 244.868469 
 372.758026 
 242.218155 
 221.908936 
 288.627991 
 210.871490 
 341.686584 
 202.665909 
 268.984741 
 358.812103 
 246.778656 
 239.220993 
 252.275085 
 306.746887 
 319.601196 
 384.045776 
 204.761490 
 255.666962 
 210.940216 
 653.986206 
 248.267136 
 376.842010 
 214.560623 
 225.242111 
 200.262619 
 314.206970 
 205.710495 
 249.645142 
 206.946396 
 434.554810 
 241.612961 
 239.003036 
 236.913391 
 202.161179 
 202.555649 
 296.407806 
 396.285492 
 697.331787 
 212.924591 
 204.426880 
 204.681396 
 255.403488 
 219.168213 
 296.256531 
 270.177673 
 218.929260 
 233.035843 
 206.525330 
 333.902069 
 242.248947 
 263.532593 
 218.269150 
 205.555267 
 407.347198 
 249.275040 
 245.870407 
 231.389206 
 473.862885 
 342.841400 
 297.080414 
 212.068314 
 279.883514 
 250.086823 
 206.467255 
 200.587204 
 200.897415 
 291.018066 
 371.623413 
 208.049545 
 205.819748 
 254.034241 
 346.562958 
 304.994293 
 207.165634 
 210.248795 
 256.063171 
 274.170837 
 370.973419 
 235.318329 
 302.992645 
 306.963226 
 205.548462 
 396.919861 
 214.767075 
 234.570694 
 227.108307 
 289.004883 
 228.313568 
 251.285095 
 224.909622 
 235.580536 
 206.698990 
 206.368439 
 222.851746 
 411.966217 
 435.671875 
 328.322968 
 206.344803 
 219.112366 
 513.873169 
 383.787445 
 297.725739 
 241.608963 
 229.690002 
 217.200882 
 211.409760 
 507.198090 
 217.923874 
 263.327728 
 253.936661 
 363.871002 
 218.804367 
 236.817886 
 215.096085 
 220.983719 
 208.476105 
 256.258820 
 321.592499 
 453.841431 
 279.181091 
 268.386230 
 204.605347 
 229.957886 
 304.315277 
 205.349731 
 303.242188 
 246.952179 
 534.492798 
 235.655899 
 263.776367 
 211.935745 
 559.730652 
 257.350739 
 329.483429 
 294.763245 
 261.231415 
 292.078308 
 209.051117 
 247.041382 
 400.450012 
 274.891876 
 219.468719 
 292.975555 
 219.904449 
 436.218658 
 233.940674 
 302.293121 
 247.289688 
 230.920029 
 220.833252 
 277.703796 
 351.977295 
 277.842804 
 434.437866 
 237.605286 
 277.519226 
 219.523209 
 202.385208 
 318.613647 
 231.017380 
 238.146133 
 219.538635 
 203.847488 
 239.034088 
 677.353149 
 207.179688 
 323.781067 
 259.890411 
 221.752518 
 286.802643 
 226.250641 
 315.358002 
 212.117538 
 323.588104 
 278.510132 
 285.710541 
 267.711487 
 416.920929 
 391.255035 
 267.677094 
 247.336823 
 272.755707 
 354.950958 
 515.429138 
 201.426529 
 418.028046 
 251.553543 
 466.800140 
 218.352219 
 247.541977 
 544.661316 
 355.188599 
 202.555283 
 223.974426 
 631.371643 
 217.221024 
 245.962967 
 262.339172 
 229.819931 
 200.765869 
 202.269333 
 203.786163 
 286.324310 
 301.318634 
 481.143646 
 254.587326 
 257.358276 
 222.989456 
 203.738434 
 252.128082 
 277.782715 
 348.699860 
 391.439392 
 436.826996 
 257.248962 
 241.586029 
 268.831390 
 218.625854 
 214.541779 
 209.865173 
 276.944763 
 305.458649 
 232.481201 
 284.871460 
 246.948730 
 200.986618 
 489.649963 
 253.155167 
 348.786560 
 254.705353 
 348.615387 
 232.264374 
 236.190750 
1360.881592 
 363.486877 
 221.779373 
 501.426483 
 256.964691 
 331.510284 
 207.845352 
 244.051010 
 260.111176 
 209.605331 
 257.868835 
 344.071289 
 254.218964 
 430.311584 
 227.499191 
 211.885208 
 208.021576 
 200.427856 
 550.841064 
 207.367401 
 497.403198 
 200.747314 
 224.590683 
 313.974182 
 217.811249 
 245.671555 
 270.094666 
 251.169815 
 328.027130 
 253.916245 
 201.785950 
 211.088943 
 341.152771 
 209.047989 
 236.772903 
 224.183731 
 266.978760 
 212.663757 
 285.677856 
 238.016754 
 435.446686 
 330.229553 
 269.669312 
 459.691711 
 677.472351 
 327.665222 
 249.952667 
 229.554947 
 367.394897 
 246.938873 
 207.529816 
 254.270096 
 232.905411 
 213.776779 
 310.590485 
 225.407516 
 289.470398 
 211.156937 
 302.585602 
 214.546494 
 305.784760 
 284.058136 
 236.298004 
 222.399033 
 437.128998 
 214.894241 
 259.980896 
 223.532486 
 301.536041 
 309.143402 
 252.343964 
 231.294464 
 268.414368 
 243.840836 
 297.704926 
 206.700256 
 318.198486 
 638.205688 
 301.774506 
 305.248718 
 208.488708 
 202.243713 
 290.629486 
 371.644836 
 205.362747 
 343.626526 
 234.377899 
 386.799500 
 316.422058 
 380.999542 
 214.059296 
 518.679993 
 266.823242 
 328.598053 
 257.598602 
 351.568176 
 392.846649 
 360.012482 
 201.605850 
 205.781448 
 354.762177 
 259.025970 
 233.152451 
 258.917175 
 232.675583 
 229.095993 
 204.330093 
 266.267059 
 327.437134 
 293.768219 
 360.866821 
 209.243744 
 326.578796 
 401.923798 
 232.060043 
 216.702423 
 292.592957 
 278.318634 
 214.263428 
 251.530212 
 437.855194 
 290.692444 
 306.547333 
 243.945129 
 206.235809 
 263.042511 
 339.819458 
 236.539200 
 264.778259 
 200.582092 
 598.945557 
 297.140839 
 285.764618 
 208.084396 
 233.108002 
 214.129333 
 241.490219 
 232.319550 
 350.640778 
 273.626984 
 207.176483 
 206.573563 
 203.715698 
 236.217590 
 239.584610 
 250.820099 
 268.531006 
 365.477478 
 237.306839 
 244.029465 
 247.086731 
 218.783661 
 276.594116 
 233.513077 
 219.888153 
 359.653473 
 382.608337 
 248.350296 
 293.793610 
 301.442139 
 231.691330 
 382.915314 
 208.679855 
 286.141754 
 210.064331 
 254.815659 
 284.743317 
 273.170959 
 247.273376 
 205.294739 
 264.010956 
 244.616806 
 238.302414 
 208.960098 
 260.976532 
 268.973358 
 216.781067 
 247.010330 
 268.255798 
 385.343658 
 294.457977 
 271.664520 
 208.542694 
 253.122223 
 387.617340 
 332.276154 
 204.956406 
 206.027740 
 345.983856 
 344.513702 
 225.862213 
 206.088440 
 229.762787 
 231.082062 
 259.870789 
 229.931183 
 362.201508 
 221.781265 
 273.422485 
 329.594482 
 279.443420 
 206.677002 
 529.882080 
 282.280701 
 283.862305 
 241.913559 
 283.333893 
 374.193268 
 230.734131 
 242.988251 
 205.135956 
 263.892548 
 263.320374 
 613.443665 
 320.224335 
 284.667572 
 531.646362 
 364.165894 
 342.610809 
 343.900177 
 353.558380 
 211.051666 
 270.172760 
 356.021667 
 435.556610 
 412.991852 
 290.498291 
 216.788254 
 353.552460 
 235.765060 
 315.582123 
 314.180664 
 210.826889 
 242.626923 
 291.665588 
 229.250702 
 206.848465 
 216.161377 
 324.275543 
 265.486298 
 248.141190 
 506.402740 
 289.381287 
 245.702072 
 202.683350 
 228.474319 
 275.119415 
 209.293915 
 267.973450 
 360.583618 
 201.381607 
 378.066895 
 241.859299 
 568.121521 
 267.501007 
 410.342590 
 221.633606 
 206.922501 
 486.432037 
 204.933365 
 300.372345 
 266.103943 
 591.507019 
 288.903656 
 246.210541 
 222.543884 
 429.578156 
 248.423355 
 207.272659 
 227.527023 
 264.532898 
 208.314438 
 222.066498 
 384.670288 
 300.093964 
 299.839569 
 207.526138 
 276.659546 
 208.375595 
 427.646484 
 201.908661 
 211.626007 
 265.483368 
 202.018616 
 412.368103 
 237.212982 
 207.612152 
 218.395859 
 209.333282 
 219.037170 
 213.573563 
 262.472382 
 397.591797 
 203.767517 
 265.731781 
 292.524109 
 237.143906 
 275.557465 
 254.382584 
 264.784332 
 200.247787 
 304.451599 
 203.968903 
 206.455215 
 212.700623 
 205.554581 
 297.685486 
 281.607117 
 370.219147 
 439.519379 
 275.343536 
 287.565765 
 206.633102 
 238.803085 
 231.726913 
 817.679810 
 284.029480 
 204.688202 
 322.451660 
 205.653610 
 202.587494 
 326.188446 
 297.017029 
 319.386108 
 309.923492 
 202.874298 
 326.897858 
 240.651535 
 682.919312 
 594.813293 
 216.684906 
 253.400024 
 356.470306 
 232.944351 
 281.837250 
 381.236877 
 245.881241 
 283.663391 
 237.774094 
 229.176697 
 240.088547 
 414.761963 
 264.196625 
 208.502457 
 223.253326 
 212.423920 
 211.872971 
 326.161316 
 275.113220 
 347.197113 
 214.399185 
 362.825867 
 217.635696 
 898.683228 
 245.828354 
 267.588501 
 246.325760 
 252.340042 
 288.225708 
 285.558167 
 273.480652 
 216.490097 
 239.315903 
 205.803268 
 290.801605 
 208.657211 
 319.654968 
 227.161484 
 392.982117 
 290.369415 
 357.832977 
 233.440842 
 208.725449 
 313.677429 
 288.886292 
 230.607361 
 238.335938 
 231.105255 
 274.213501 
 262.356995 
 563.573914 
 272.499817 
 262.564484 
 539.676514 
 229.656876 
 437.433838 
 496.417877 
 682.245117 
 217.216736 
 253.967224 
 278.025604 
 209.761154 
 336.991425 
 202.185974 
 253.408783 
 281.973907 
 252.936356 
 301.003021 
 211.073898 
 316.461060 
 289.998840 
 352.262329 
 201.943161 
 271.104340 
 212.653915 
 218.907135 
 209.084412 
 267.464996 
 270.086884 
 243.234726 
 261.473999 
 209.212280 
 374.066650 
 277.092010 
 442.704529 
 265.626709 
 308.777130 
 237.330872 
 405.135345 
 272.645935 
 375.826233 
 373.778870 
 223.463730 
 444.591980 
 292.403809 
 232.515549 
 521.632690 
 290.482666 
 224.271591 
 208.574600 
 247.867279 
 208.820053 
 317.483398 
 223.570129 
 237.422653 
 275.395844 
 225.057724 
 212.639542 
 286.946533 
 206.905228 
 301.086609 
 271.517273 
 440.277954 
 222.594421 
 478.859894 
 289.650360 
 831.401611 
 497.316498 
 213.074646 
 217.623306 
 263.702393 
 212.266479 
 247.865585 
 418.871979 
 428.452118 
 269.073059 
 204.172501 
 309.317902 
 266.406555 
 216.282822 
 216.069260 
 255.281952 
 261.338135 
 247.267654 
 260.710632 
 270.646942 
 204.506729 
 290.327118 
 219.506302 
 209.354614 
 238.820404 
 205.105011 
 207.690933 
 221.999496 
 257.305298 
 610.094727 
 345.791962 
 209.009506 
 216.854462 
 262.224060 
 252.732483 
 278.350128 
 327.134613 
 239.737213 
 376.119324 
 453.180328 
 203.572311 
 223.680695 
 204.741409 
 254.436691 
 327.405243 
 228.378357 
 257.133911 
 215.271545 
 209.396545 
 291.537994 
 220.827835 
 220.154358 
 202.466782 
 307.767639 
 290.367523 
 395.110779 
 326.151367 
 238.300308 
 255.600449 
1028.926392 
 292.082428 
 371.504517 
 217.019196 
 206.550339 
 263.488770 
 235.691620 
 216.727295 
 267.514435 
 221.175385 
 219.683243 
 211.031540 
 261.779510 
 212.515137 
 259.996826 
 223.885071 
 206.284317 
 242.038834 
 268.718201 
 345.145874 
 365.938416 
 334.334442 
 414.531281 
 202.531052 
 245.037613 
 286.494995 
 243.052551 
 432.071838 
 242.836838 
 289.149292 
 409.819427 
 203.505524 
 243.315079 
 233.584396 
 259.039246 
 312.931366 
 339.910309 
 215.781219 
 274.901703 
 229.020279 
 549.129333 
 246.702759 
 286.139771 
 249.375107 
 294.185242 
 426.428833 
 484.815063 
 419.526672 
 362.395935 
 510.307770 
 253.460709 
 595.034668 
 248.147507 
 242.777771 
 421.408020 
 394.440857 
 235.098480 
 302.156189 
 226.162186 
 227.981522 
 372.562561 
 222.590881 
 202.656738 
 277.760529 
 213.163681 
 210.375778 
 301.992065 
 309.498322 
 202.366592 
 271.693359 
 300.352509 
 228.871124 
 381.208496 
 247.539566 
 211.142349 
 345.514252 
 226.393997 
 289.684448 
 216.111115 
 263.490967 
 605.946594 
 234.819489 
 252.027954 
 263.273590 
 227.797195 
 276.870392 
 394.469849 
 223.918182 
 386.091522 
 619.227905 
 212.593384 
 272.636475 
 273.413910 
 219.292389 
 251.688965 
 235.535355 
 255.333755 
 215.601807 
 345.018219 
 227.052734 
 213.400467 
 278.787933 
 336.776215 
 200.283539 
 214.492752 
 343.213959 
 498.196991 
 219.346115 
 276.849548 
 350.011292 
 231.433212 
 597.557739 
 335.429016 
 200.253632 
 310.644012 
 216.876938 
 301.325958 
 320.808441 
 236.389053 
 241.005707 
 202.220352 
 297.651764 
 244.330292 
 272.049896 
 243.360641 
 212.146820 
 256.265228 
 312.607452 
 277.141998 
 249.881393 
 215.990341 
 301.612122 
 207.611267 
 209.874756 
 278.644928 
 358.647797 
 229.484375 
 277.245483 
 215.364426 
 264.571136 
 290.458954 
 210.875900 
 306.105316 
 201.659622 
 254.418243 
 220.492249 
 414.113770 
 232.007172 
 229.077850 
 235.088623 
 206.893509 
 224.307480 
 227.102783 
 274.058319 
 247.039581 
 233.414795 
 213.552139 
 399.737671 
 220.442749 
 300.845367 
 432.214264 
 221.775101 
 259.259491 
 423.073029 
 214.125107 
 214.208542 
 204.403427 
 435.398865 
 353.449341 
 220.965485 
 231.253265 
 200.263092 
 440.481201 
 308.359192 
 260.908844 
 207.313599 
 298.410492 
 357.609344 
 392.387970 
 543.885315 
 253.602325 
 230.808716 
 324.825867 
 256.285400 
 509.559448 
 312.137970 
 604.815735 
 206.308502 
1208.510132 
 203.361237 
 311.940918 
 247.723083 
 395.220306 
 239.611465 
 200.192001 
 306.642548 
 207.842316 
 201.993729 
 381.387024 
 262.079041 
 222.835327 
 221.847488 
 240.882706 
 235.378067 
 309.089111 
 241.445862 
 208.231216 
 244.839203 
 508.025177 
 239.368942 
 222.832626 
 224.058136 
 375.439758 
 254.837296 
 288.833344 
 453.559906 
 265.275360 
 407.559448 
 367.992981 
 334.170563 
 270.997192 
 224.205231 
 288.336609 
 335.914215 
 243.579254 
 359.956543 
 201.427841 
 651.878662 
 411.775665 
 200.729446 
 468.768158 
 278.778534 
 206.103577 
 286.864594 
 289.128357 
 291.909607 
 281.154358 
 443.420410 
 281.679657 
 272.613983 
 255.150909 
 202.961182 
 225.657486 
 242.595078 
 421.203888 
 329.213318 
 205.818161 
 289.542053 
 220.986649 
 285.231964 
 212.002426 
 220.443237 
 265.506226 
 267.322937 
 224.817154 
 270.746185 
 305.658417 
 406.503601 
 372.172638 
 207.406433 
 281.823639 
 493.932953 
 399.710236 
 276.909302 
 260.727509 
 355.382233 
 241.622513 
 306.493530 
 238.803574 
 232.489807 
 214.295807 
 279.875000 
 214.593140 
 493.646088 
 218.302170 
 288.754822 
 293.627258 
 212.392609 
 288.752960 
 262.279816 
 222.193542 
 218.168777 
 231.885773 
 385.315063 
 379.657562 
 210.558517 
 316.891968 
 249.547699 
 300.578094 
 280.100464 
 212.343536 
 249.337296 
 240.408676 
 340.761810 
 207.138885 
 450.572601 
 255.422455 
 208.108719 
 366.943359 
 263.959625 
 323.276367 
 220.580231 
 327.078003 
 231.859146 
 332.590149 
 234.426910 
 208.232605 
 227.482925 
 530.989563 
 217.492737 
 302.358154 
 219.805939 
 579.097595 
 207.399490 
 274.924347 
 239.519302 
 224.225739 
 362.158356 
 337.574890 
 352.242371 
 232.717392 
 249.850983 
 429.533691 
 280.139740 
 265.767883 
 510.896729 
 228.222748 
 428.596466 
 258.164825 
 202.753983 
 319.734528 
 392.026062 
 241.790695 
 376.629486 
 218.874786 
 597.463623 
 242.755722 
 256.945251 
 210.512451 
 270.860565 
 419.505737 
 222.215088 
 258.162384 
 234.426926 
 208.818756 
 323.442657 
 265.896606 
 201.866837 
 362.907501 
 205.608749 
 243.183578 
 348.785004 
 221.564407 
 414.728668 
 204.944687 
 279.627747 
 201.480881 
 212.047958 
 204.811661 
 261.435120 
 456.945679 
 322.791626 
 228.030991 
 206.046249 
 382.311676 
 314.657410 
 209.619858 
 229.934647 
 312.400665 
 213.797684 
 521.287292 
 224.821426 
 215.326538 
 385.117249 
 209.715332 
 213.255386 
 296.004639 
 234.366089 
 227.297379 
 569.223511 
 216.910706 
 261.727173 
 201.473801 
 307.426819 
 266.963074 
 393.120178 
 345.088348 
 245.012497 
 340.957947 
 752.739075 
 218.307541 
 330.417847 
 259.689117 
 242.258530 
 312.730774 
 704.268982 
 364.294739 
 278.734772 
 224.641464 
 220.358307 
 374.369629 
 240.543884 
 204.286682 
 322.993469 
 293.552521 
 319.469757 
 209.423386 
 347.349030 
 203.010651 
 213.530823 
 213.152832 
 311.390747 
 219.073090 
 418.783752 
 260.804138 
 518.256226 
 231.848007 
 212.156570 
 212.540161 
 312.369385 
 372.575714 
 242.238358 
 272.882599 
 318.449463 
 284.132721 
 211.016434 
 300.649384 
 214.419632 
 225.295731 
 210.499435 
 233.174606 
 216.806488 
 267.661926 
 243.652908 
 236.748840 
 335.679749 
 225.697037 
 223.119766 
 304.192719 
 514.584412 
 334.044800 
 281.321381 
 324.499207 
 341.786804 
 237.514771 
 284.488464 
 243.328369 
 224.017776 
 218.392853 
 231.292053 
 308.315887 
 388.728210 
 268.420197 
 247.226257 
 226.432846 
 204.987106 
 232.416168 
 239.969681 
 419.418854 
 221.245758 
 248.279495 
 228.069794 
 272.706787 
 217.819260 
 230.775909 
 269.682678 
 271.321259 
 259.132812 
 206.856720 
1544.987183 
 241.792847 
 294.885834 
 216.146103 
 348.508331 
 205.617218 
 214.300140 
 291.720886 
 318.216095 
 243.495987 
 222.095642 
 213.833923 
 418.443115 
 317.972626 
 327.365051 
 230.895752 
 202.498581 
 310.105286 
 270.435577 
 257.955566 
 211.516678 
 309.151245 
 245.345200 
 216.506577 
 228.664841 
 366.721100 
 236.896133 
 247.009476 
 376.903442 
 241.725586 
 262.379669 
 313.769958 
 245.756195 
 325.130981 
 250.244873 
 225.865891 
 246.092499 
 281.003296 
 312.608734 
 215.833298 
 257.298645 
 248.962662 
 421.007660 
 210.623169 
 220.596405 
 295.249146 
 442.848694 
 229.475784 
 250.838257 
 218.189880 
 253.005569 
 236.118668 
 202.799744 
 285.462219 
 235.997711 
 315.334045 
 210.975616 
 216.950165 
 343.702271 
 337.090973 
 333.176727 
 228.791214 
 312.204681 
 229.730896 
 206.243347 
 214.075165 
 203.261627 
 243.324493 
 241.908340 
 214.066574 
 249.597733 
 346.232208 
 360.145081 
 344.410553 
 262.468750 
 206.114258 
 291.797821 
 282.160645 
 311.711487 
 374.511627 
 442.631927 
 203.198151 
 221.681580 
 352.012085 
 288.878052 
 219.103653 
 221.236801 
 224.256256 
 268.148254 
 215.483856 
 667.848328 
 346.997009 
 201.379242 
 219.838226 
 258.854767 
 348.412018 
 250.752716 
 262.896698 
 219.310669 
 312.965271 
 223.223083 
 270.623596 
 260.473389 
 211.286697 
 287.818207 
 214.609940 
 243.068008 
 245.426041 
 253.856354 
 214.354080 
 265.483734 
 264.578613 
 253.997589 
 511.772034 
 201.009171 
 280.591492 
 274.217133 
 335.248566 
 207.887527 
 200.861694 
 291.060791 
 257.463501 
 218.454987 
 217.808670 
 200.375427 
 217.628525 
 267.574127 
 313.745300 
 257.120728 
 217.814819 
 292.780914 
 238.116058 
 245.798492 
 215.561844 
 309.079803 
 210.950256 
 247.393829 
 258.631226 
 228.668503 
 723.386108 
 275.929840 
 250.521484 
 372.333130 
 249.409515 
 208.741714 
 716.333984 
 281.513611 
 201.704773 
 226.618668 
 210.211502 
 247.622253 
 230.726624 
 210.181931 
 234.753555 
 230.955383 
 267.906769 
 204.161072 
 201.827332 
 201.232040 
 200.435776 
 212.516220 
 346.418427 
 238.976486 
 219.655197 
 213.585175 
 312.967194 
 260.200958 
 262.763824 
 446.254517 
 246.058746 
 215.475311 
 320.440552 
 226.553040 
 638.185181 
 260.747528 
 343.824036 
 376.444092 
 317.807648 
 203.492737 
 235.943344 
 217.001312 
 225.133453 
 287.443970 
 257.475616 
 349.771515 
 221.210236 
 350.528229 
 234.719772 
 310.436127 
 304.067535 
 339.060944 
 255.593750 
 284.071960 
 246.507095 
 489.715576 
 248.157349 
 231.724106 
 212.683746 
 272.926483 
 209.348022 
 253.128098 
 303.888306 
 240.822968 
 254.027603 
 262.429260 
 318.859314 
 203.610291 
 227.937408 
 276.308228 
 225.073303 
 565.209839 
 259.631104 
 240.970261 
 217.540268 
 563.575867 
 356.055603 
 254.073837 
 200.231812 
 521.018555 
 219.182541 
 294.439636 
 258.403534 
 233.386261 
 261.005951 
 320.738892 
 214.239258 
 200.488861 
 202.730286 
 355.705444 
 367.097290 
 252.363968 
 267.341644 
 209.482162 
 270.309540 
 205.331543 
 247.736755 
 308.789703 
 322.242004 
 243.592041 
 507.333282 
 311.558136 
 533.156006 
 435.425934 
 237.135117 
 336.555542 
 250.620911 
 310.340668 
 225.148514 
 214.994873 
 221.794937 
 829.245056 
 308.822083 
 229.958023 
 419.193848 
 227.664276 
 317.445648 
 201.462189 
 295.163971 
 260.170990 
 200.393555 
 204.051208 
 221.310562 
 218.394608 
 343.392975 
 255.163177 
 265.211945 
 206.063919 
 307.193939 
 432.684052 
 284.223572 
 214.289017 
 312.516846 
 357.578369 
 237.028381 
 233.198059 
 341.117523 
 342.591980 
 237.189880 
 218.147537 
 253.311493 
 334.168488 
 233.302246 
 296.443695 
 215.163818 
 647.984741 
 210.881897 
 213.453766 
 218.957367 
 267.532196 
 339.278931 
 214.183273 
 203.349564 
 202.360794 
 290.986816 
 352.221924 
 211.287796 
 212.669449 
 222.471100 
 458.907196 
 217.442734 
 215.822250 
 200.775742 
 272.172913 
 392.369446 
 212.192459 
 477.060364 
 226.604218 
 272.202820 
 217.573700 
 370.663086 
 236.341583 
 518.659607 
 284.781067 
 204.041656 
 275.131927 
 213.890778 
 311.882111 
 373.267883 
 207.818558 
 235.935654 
 220.114273 
 416.632935 
 282.167572 
 267.569244 
 292.716766 
 202.743637 
 229.298340 
 201.161621 
 211.503616 
 277.506500 
 223.462051 
 365.056549 
 221.364365 
 200.206787 
 276.229858 
 211.097519 
 231.976944 
 229.225677 
 257.316559 
 225.908188 
 292.211609 
 421.935608 
 203.777466 
 214.728302 
 284.703949 
 529.270264 
 310.493744 
 203.923843 
 208.444427 
 226.201370 
 274.742462 
 202.755356 
 353.727264 
 379.253754 
 302.195953 
 243.916336 
 228.402420 
 247.973709 
 203.099258 
 335.015869 
 323.591400 
 254.267395 
 396.282013 
 211.434113 
 305.974457 
 266.553253 
 209.056122 
 284.635193 
 203.234482 
 245.874603 
 201.528580 
 255.514755 
 444.252838 
 213.867371 
 284.289246 
 361.635162 
 397.238922 
 253.163849 
 247.078369 
 228.399719 
 221.373993 
 208.031967 
 389.665375 
 275.539093 
 204.439926 
 321.409485 
 252.909622 
 305.501892 
 294.628387 
 229.757477 
 261.196320 
 442.558350 
 226.173248 
 213.795090 
 265.112823 
 232.611450 
 475.682129 
 203.442444 
 237.928101 
 265.370972 
 377.555634 
 217.787781 
 315.580658 
 302.167725 
 221.722092 
 217.857925 
 257.175690 
 633.526184 
 336.211761 
 252.865677 
 283.141510 
 222.118164 
 225.983627 
 214.920883 
 210.362839 
 242.895691 
 283.112488 
 328.983002 
 234.147934 
 243.465393 
 288.870026 
 368.102600 
 234.820679 
 202.027786 
 200.684601 
 461.626038 
 371.694550 
 268.380920 
 228.147949 
 237.643723 
 304.733459 
 448.976562 
 271.609436 
 203.057266 
 782.106445 
 232.491028 
 270.795502 
 276.956970 
 453.969635 
 228.999512 
 310.110413 
 253.462585 
 321.707977 
 282.396088 
 202.869003 
 207.470978 
 219.066910 
 274.809082 
 445.525543 
 260.983765 
 247.367264 
 210.755493 
 296.630737 
 239.456146 
 306.737640 
 236.604660 
 207.374176 
 223.953857 
 284.420135 
 227.614029 
 450.440735 
 285.597565 
 235.056183 
 377.657654 
 326.494843 
 212.165939 
 260.626984 
 238.888428 
 213.959000 
 518.433655 
 263.828400 
 203.168411 
 311.271637 
 602.597717 
 299.574890 
 235.570236 
 236.278610 
 277.744049 
 225.718048 
 351.434753 
 218.062332 
 571.217285 
 243.308716 
 312.538788 
 270.454712 
 202.528488 
 227.224747 
 474.925568 
 353.393372 
 578.283508 
 229.829636 
 202.452209 
 202.615128 
 440.088531 
 441.174316 
 249.238724 
 327.399170 
 351.223999 
 248.411392 
 336.225525 
 213.302170 
 279.560303 
 343.598083 
 235.500519 
 412.234741 
 207.463760 
 224.934235 
 226.957336 
 232.797516 
 270.996582 
 505.551453 
 231.207199 
 324.438202 
 214.188690 
 217.217422 
 241.627075 
 258.545166 
 302.139801 
 270.964386 
 283.845581 
 207.739685 
 289.602417 
 333.137848 
 473.493744 
 885.435181 
 230.376617 
 284.978912 
 250.537216 
 207.035355 
 214.928177 
 237.221451 
 535.454285 
 212.546082 
 236.390701 
 286.195892 
 254.044998 
 212.482193 
 212.923782 
 236.836670 
 301.143799 
 221.745422 
 397.856934 
 384.970001 
 225.716965 
 250.324081 
 429.867981 
 234.176392 
 298.544525 
 227.197052 
 329.677032 
 384.378204 
 359.144012 
 214.826294 
 287.261658 
 210.399109 
 221.670273 
 223.749710 
 377.328430 
 201.101501 
 228.830139 
 225.639786 
 299.689362 
 210.249466 
 284.564789 
 200.139023 
 254.178314 
 433.287872 
 220.123459 
 343.672119 
 311.208496 
 295.756958 
 364.502594 
 222.756866 
 444.989410 
 201.967896 
 762.943604 
 386.483887 
 324.742584 
 238.536758 
 248.750687 
 222.674789 
 208.437408 
 229.744003 
 272.158661 
 255.768448 
 344.804260 
 205.056580 
 211.850677 
 204.897858 
 211.644913 
 516.106140 
 292.581604 
 203.549118 
 483.171295 
 246.152512 
 261.446533 
 304.002411 
 266.389191 
 248.616043 
 357.198303 
 522.953857 
 259.343475 
 246.789673 
 254.551559 
 347.888153 
 351.505676 
 403.285583 
 370.319031 
 207.625351 
 256.942688 
 227.270065 
 203.310287 
 308.861755 
 215.477524 
 232.313812 
 200.020508 
 307.797729 
 283.993683 
 275.748138 
 210.674530 
 212.579498 
 343.286560 
 323.681763 
 264.807709 
 250.108124 
 229.139450 
 221.024445 
 216.518402 
 246.292419 
 243.284027 
 389.017853 
 214.185760 
 306.991516 
 245.335724 
 335.070618 
 234.602509 
 222.011017 
 320.896881 
 201.537094 
 204.023270 
 310.350708 
 206.977295 
 292.629730 
 224.811783 
 213.332764 
 244.982330 
 229.679321 
 581.247131 
 326.329346 
 224.669418 
 209.508972 
 335.568420 
 478.426117 
 306.613434 
 208.347961 
 313.230743 
 417.731903 
 216.721634 
 232.455048 
 286.934204 
 229.925308 
 289.992828 
 200.561539 
 200.017975 
 251.343582 
 307.291534 
 220.135208 
 242.703568 
 288.315125 
 217.244720 
 303.661407 
 319.888855 
 263.930847 
 281.530365 
 228.226532 
 202.155914 
 316.764618 
 289.132690 
 434.257904 
 227.156845 
 220.611343 
 206.463409 
 271.517639 
 227.415634 
 226.827469 
 305.117065 
 208.392654 
 359.824036 
 220.890625 
 251.266876 
 276.361603 
 517.087524 
 234.172592 
 371.608978 
 284.902740 
 224.472672 
 212.049393 
 412.977203 
 200.405197 
 356.750824 
 297.263947 
 230.838028 
 348.332428 
 521.251892 
 227.953171 
 618.623901 
 224.856079 
 296.887329 
 217.075241 
 265.678680 
 213.524490 
 271.552704 
 206.757416 
 273.664307 
 248.400818 
 202.361267 
 204.778702 
 260.929504 
 608.904175 
 268.427521 
 281.350342 
 268.613922 
 265.522034 
 248.519180 
 284.622345 
 225.302216 
 225.828674 
 207.910568 
 603.325439 
 274.388824 
 243.680664 
 297.896393 
 218.144394 
 251.900604 
 256.338562 
 270.914307 
 256.900269 
 356.139740 
 268.313141 
 362.424500 
 213.806152 
 237.632202 
 281.167328 
 396.174805 
 410.158936 
 317.427399 
 225.424332 
 281.770386 
 238.555359 
 234.185745 
 325.441528 
 297.234680 
 254.751083 
 357.922729 
 206.339691 
 303.004913 
 212.526199 
 304.644958 
 205.693085 
 255.693710 
 228.722900 
 208.618958 
 258.450439 
 242.922241 
 305.666626 
 214.380325 
 317.236053 
 324.610382 
 267.251312 
 535.851196 
 203.643173 
 269.933990 
 201.748596 
 252.761902 
 250.067429 
 201.914017 
 212.157776 
 258.211548 
 202.549591 
 209.611649 
 286.729614 
 214.612976 
 219.162811 
 222.650726 
 230.510529 
 246.914047 
 222.665054 
 248.578369 
 268.253326 
 331.360352 
 223.490158 
 200.515747 
 258.900665 
 365.556793 
 255.043320 
 202.836609 
 207.165863 
 265.431824 
 243.971863 
 213.032486 
 259.395477 
 242.153809 
 239.136963 
 219.944794 
 263.151764 
 206.130386 
 443.969147 
 209.617081 
 217.669968 
 227.645599 
 219.447052 
 233.938705 
 248.737000 
 310.342285 
 241.441605 
 256.679504 
 356.970947 
 204.039200 
 238.440430 
 456.960358 
 325.931061 
 212.398438 
 225.135727 
 219.702118 
 229.031326 
 292.302917 
 264.286224 
 209.803574 
 255.286224 
 243.087662 
 356.483429 
 393.871155 
 276.179138 
 255.151764 
 230.092010 
 254.279877 
 270.102112 
 355.099030 
 297.513214 
 307.469513 
 237.633514 
 230.043243 
 450.992065 
 265.106659 
 405.099457 
 230.039810 
 211.607254 
 220.876038 
 278.151550 
 225.565979 
 224.947449 
 254.205963 
 257.710175 
 289.427826 
 236.389969 
 400.555664 
 218.697540 
 272.000397 
 241.786728 
 320.939667 
 203.008209 
 346.621338 
 273.144501 
 221.777161 
 248.516068 
 233.424530 
 237.245422 
 454.484528 
 261.985046 
 201.355408 
 333.347778 
 299.304688 
 258.273407 
 349.509918 
 348.723053 
 226.459854 
 369.547028 
 218.028229 
 296.486725 
 265.690491 
 369.713531 
 402.317413 
 311.714081 
 231.180023 
 297.808044 
 206.843689 
 547.418762 
 215.728699 
 226.409042 
 225.036255 
 266.628571 
 215.068008 
 207.302521 
 257.235046 
 213.690262 
 301.196472 
 267.545929 
 230.259003 
 206.622711 
 384.798187 
 399.799042 
 246.235168 
 219.366806 
 422.730865 
 300.551575 
 245.202454 
 229.109818 
 253.215988 
 290.188934 
 292.019684 
 743.212097 
 317.545746 
 287.796143 
 420.801300 
 256.778046 
 289.358459 
 294.800964 
 243.326309 
 202.569061 
 223.360855 
 206.335754 
 372.219086 
 200.944839 
 238.089447 
 265.857178 
 292.632904 
 257.830231 
 260.520844 
 349.957672 
 252.307266 
 205.654785 
 216.249146 
 324.876160 
 250.365891 
 225.088531 
 568.668335 
 304.469879 
 593.505249 
 375.704376 
 207.779861 
 202.094467 
 271.407715 
 219.881851 
 220.954681 
 220.759293 
 226.789276 
 359.662964 
 235.936188 
 215.956726 
 266.996918 
 279.130737 
 346.258789 
 447.709229 
 201.078552 
 200.031174 
 277.705444 
 224.119003 
 214.262604 
 207.240601 
 207.971573 
 421.485077 
 361.555511 
 254.811081 
 267.015320 
 229.867081 
 262.771729 
 295.531189 
 248.439255 
 280.892578 
 341.922058 
 240.640656 
 354.578125 
 297.645966 
 229.219086 
 281.788666 
 315.473114 
 204.635605 
 234.030777 
 208.736542 
 365.487549 
 262.648346 
 480.256744 
 326.326630 
 239.285278 
 221.699722 
 310.191864 
 278.339020 
 235.907547 
 787.707703 
 251.462845 
 222.628601 
 205.038376 
 257.218628 
 366.612579 
 201.312134 
 556.191406 
 236.540604 
 215.406433 
 247.094757 
 209.475754 
 211.858032 
 232.511230 
 441.452118 
 250.039841 
 260.078369 
 289.284210 
 215.870514 
 245.762833 
 221.995575 
 236.388123 
 312.544403 
 338.454803 
 219.272964 
 261.750427 
 213.185745 
 324.766144 
 253.998810 
 229.245773 
 263.268250 
 202.139893 
 257.007812 
 330.027740 
 362.452545 
 498.737732 
 557.463074 
 221.003647 
 221.860962 
 250.980225 
 204.925705 
 288.089905 
 323.915070 
 351.298035 
 226.935318 
 207.102188 
 324.413147 
 212.231735 
 204.401199 
 280.501495 
 273.852478 
 414.514008 
 257.300842 
 318.629150 
 241.792221 
 239.098602 
 201.403915 
 567.144409 
 287.196747 
 202.694916 
 218.668900 
 321.476013 
 213.871170 
 263.257324 
 232.726913 
 359.704712 
 236.749176 
 223.405716 
 385.021667 
 247.709122 
 298.675812 
 213.800583 
 247.854370 
 278.825653 
 363.492615 
 215.554535 
 308.466766 
 219.269196 
 272.914795 
 376.292145 
 219.897095 
 223.892090 
 233.350189 
 202.942245 
 253.172607 
 452.428772 
 360.878387 
 441.530304 
 251.534912 
 264.931396 
 225.983231 
 327.867584 
 379.123474 
 238.049393 
 202.899490 
 241.155502 
 208.621811 
 241.534241 
 265.754486 
 223.390594 
 315.672363 
 334.244080 
 204.350235 
 283.121002 
 202.709259 
 371.158417 
 359.523621 
 226.826996 
 225.919342 
 382.100494 
 223.850449 
 245.184464 
 236.492371 
 201.454697 
 216.977676 
 227.164566 
 336.847565 
 204.758652 
 283.645630 
 254.432037 
 395.922028 
 200.641251 
 301.123657 
 285.575531 
 211.647858 
 235.701309 
 217.672623 
 240.159027 
 203.626953 
 215.533920 
 347.954254 
 300.297302 
 211.718170 
 203.898285 
 383.238892 
 200.021103 
 262.577637 
 226.620911 
 421.767731 
 290.769440 
 303.363251 
 796.762756 
 230.450348 
 357.187347 
 202.335083 
 275.159485 
 224.640472 
 201.359085 
 258.338409 
 204.193069 
 253.021164 
 378.857300 
 304.311035 
 257.448181 
 215.321838 
 217.433304 
 217.938049 
 208.792908 
 249.228500 
 319.935669 
 241.092834 
 229.984802 
 220.751465 
 224.890656 
 653.427368 
 255.558472 
 433.470184 
 222.343765 
 200.085770 
 247.350464 
 217.972595 
 276.489227 
 255.183243 
 323.273834 
 223.302582 
 297.548920 
 272.849457 
 224.888855 
 295.738220 
 329.885376 
 218.193069 
 216.020111 
 232.129211 
 322.582184 
 273.577179 
 206.538071 
 334.423950 
 271.628845 
 201.062683 
 281.069366 
 288.908234 
 300.498383 
 298.148285 
 217.511383 
 220.348358 
 305.639740 
 465.470306 
 202.208450 
 407.144379 
 289.545074 
 333.318970 
 796.336060 
 437.089691 
 213.970016 
 435.465118 
 233.872040 
 271.915680 
 201.943512 
 228.434250 
 220.047287 
 232.250305 
 384.727570 
 206.343826 
 207.938171 
 470.617310 
 211.312210 
 253.837845 
 225.073456 
 259.648163 
 201.592667 
 209.711670 
 229.422287 
 209.942123 
 406.230042 
 313.151031 
 264.578369 
 203.957413 
 283.916412 
 228.385757 
 660.684631 
 239.333618 
 292.159454 
 383.753296 
 209.945480 
 271.374725 
 210.333374 
 211.297882 
 231.910141 
 442.562531 
 319.674652 
 379.191437 
 361.660004 
 218.476532 
 204.263367 
 206.477432 
 209.390732 
 296.020874 
 525.408508 
 273.636444 
 329.089752 
 326.696167 
 211.425980 
 330.282013 
 220.989639 
 258.812012 
 200.327576 
 235.208832 
 202.051498 
 203.129105 
 277.970123 
 337.176636 
 269.219543 
 253.972900 
 227.622055 
 233.559357 
 340.562866 
 429.070587 
 248.646332 
 316.448029 
 260.127899 
 312.165100 
 278.010773 
 217.633179 
 208.599960 
 205.254578 
 205.872726 
 218.281815 
 275.078033 
 559.724670 
 229.516174 
 249.950119 
 209.261230 
 217.237778 
 258.489105 
 400.926819 
 206.886673 
 214.689514 
 249.467178 
 342.948151 
 234.486786 
 202.016922 
 288.597687 
 247.542908 
 248.369720 
 204.763031 
 255.863220 
 574.448608 
 622.553284 
 231.799149 
 330.322327 
 290.416351 
 278.586731 
 252.059204 
 469.129395 
 203.122238 
 212.524200 
 335.665771 
 214.795227 
 250.459885 
 229.214539 
 208.238358 
 297.591187 
 367.122955 
 239.386810 
 320.724182 
 247.812241 
 240.288910 
 203.973434 
 243.193771 
 226.981842 
 298.566559 
 276.159271 
 263.253632 
 203.929642 
 368.984406 
 238.235992 
 280.594727 
 221.294235 
 261.786560 
 251.671997 
 284.464600 
 237.462631 
 252.219955 
 289.299042 
 259.335114 
 277.459625 
 202.128876 
 292.448059 
 365.876221 
 202.394592 
 248.388184 
 231.904678 
 225.895248 
 229.149811 
 414.891937 
 437.049713 
 248.311859 
 223.668594 
 244.886353 
 202.415237 
 264.693390 
 291.006317 
 218.164978 
 253.542374 
 210.816986 
 391.803284 
 400.130188 
 565.968567 
 204.810593 
 220.165344 
 208.872787 
 242.904755 
 426.852356 
 200.842621 
 233.909485 
 213.861069 
 355.439911 
 218.814713 
 202.296738 
 242.952286 
 354.167145 
 261.496796 
 259.426819 
 649.479309 
 233.612213 
 205.871582 
 257.676605 
 318.092133 
 256.497498 
 243.886810 
 212.519379 
 576.257751 
 234.748703 
 321.200287 
 697.999268 
 226.277466 
 412.852386 
 226.283279 
 472.477142 
 288.067474 
 318.336273 
 244.034744 
 234.884659 
 342.813843 
 300.760376 
 229.080719 
 591.665039 
 200.141205 
 238.685165 
 313.256378 
 234.001236 
 218.107941 
 246.057373 
 307.286163 
 327.184662 
 358.909851 
 364.319733 
 312.123840 
 256.746613 
 607.451477 
 201.578568 
 202.175934 
 218.655960 
 214.588135 
 321.330353 
 329.075073 
 404.417999 
 436.784637 
 250.535309 
 512.920654 
 281.884888 
 241.482727 
 217.563354 
 215.219528 
 210.267776 
 275.610962 
 317.238495 
 210.996185 
 238.005081 
 369.630188 
 220.336746 
 218.614594 
 222.656082 
 203.763382 
 533.127136 
 256.988434 
 248.227356 
 311.508392 
 238.924576 
 227.628006 
 212.633087 
 576.443604 
 259.614777 
 207.462997 
 207.642273 
 264.417358 
 383.454926 
 204.384720 
 258.100342 
 219.956909 
 286.741211 
 282.154694 
 211.791412 
 328.698700 
 211.226532 
 248.833359 
 214.365128 
 204.843796 
 460.411407 
 226.207504 
 308.648987 
 352.654053 
 273.325470 
 205.340836 
 229.914093 
 287.426910 
 241.928116 
 217.779282 
 291.847534 
 295.545685 
 431.043060 
 205.259262 
 201.956390 
 307.541229 
 296.769836 
 332.009613 
 267.309723 
 220.010696 
 262.057892 
 371.728882 
 202.546021 
 395.965088 
 206.839386 
 229.880951 
 246.263489 
 219.015274 
 277.857025 
 296.117706 
 324.377380 
 237.462311 
 234.745132 
 670.519409 
 329.877777 
 225.313385 
 203.862213 
 318.225159 
 468.731445 
 293.555267 
 228.769531 
 234.377548 
 213.261383 
 382.719971 
 273.409180 
 214.898788 
 211.450562 
 204.822067 
 367.336792 
 270.591370 
 234.051163 
 273.490540 
 244.379257 
 213.468933 
 213.987289 
 254.815491 
 208.238373 
 474.922211 
 219.240509 
 253.456589 
 241.267822 
 218.942017 
 452.185333 
 435.347656 
 261.957306 
 275.276611 
 576.623352 
 601.672424 
 208.491226 
 221.306564 
 235.389069 
 311.340515 
 222.424408 
 658.623413 
 262.561859 
 330.187073 
 229.831573 
 270.684723 
 217.533081 
 231.746109 
 225.693268 
 217.725235 
 412.605103 
 313.660614 
 236.903549 
 284.513611 
 227.207932 
 321.677490 
 214.305573 
 265.382263 
 455.219574 
 281.444519 
 245.078552 
 208.980743 
 214.465942 
 210.496231 
 292.150391 
 268.384186 
 200.900787 
 211.586975 
 222.277832 
 222.268356 
 218.555191 
 373.117584 
 223.590332 
 311.390900 
 295.115082 
 300.382507 
 257.430237 
 240.165192 
 233.629211 
 285.926300 
 247.535004 
 214.908508 
 276.089661 
 371.279449 
 401.419189 
 608.020508 
 284.034637 
1572.787476 
 205.361420 
 256.300751 
 668.316162 
 336.063263 
 201.690155 
 407.415100 
 223.295410 
 215.741898 
 238.748428 
 240.746628 
 234.714584 
 265.467346 
 233.844864 
 204.961502 
 238.412994 
 293.154205 
 425.568085 
 251.464584 
 202.121307 
 497.970917 
 284.342041 
 399.299591 
 464.500946 
 314.575073 
 244.475937 
 332.036713 
 201.155075 
 279.071045 
 230.720337 
 297.193909 
 212.594864 
 353.976746 
 213.461349 
 309.023865 
 215.891861 
 233.307098 
 453.028931 
 244.635345 
 237.185928 
 480.548279 
 624.716736 
 273.196686 
 219.876328 
 312.757568 
 432.189117 
 205.631287 
 323.731323 
 284.672333 
 212.950623 
 223.247910 
 206.948227 
 201.909073 
 208.920074 
 218.138718 
 227.092636 
 216.908310 
 278.352966 
 370.014435 
 219.022034 
 227.924255 
 255.320816 
 710.774658 
 239.424179 
 247.784134 
 225.134933 
 252.674362 
 240.991196 
 229.708084 
 317.828003 
 297.270813 
 207.312302 
 213.386002 
 249.215973 
 203.012772 
 386.351654 
 214.949234 
 245.130188 
 262.262665 
 208.368027 
 232.290710 
 225.335327 
 263.701569 
 281.051300 
 207.361893 
 382.998260 
 204.561279 
 238.984222 
 268.899139 
 259.435669 
 308.644165 
 202.952011 
 219.021561 
 256.710297 
 487.617462 
 570.007446 
 210.257874 
 209.291946 
 238.508804 
 212.504578 
 229.968414 
 268.462860 
 219.663620 
 220.074432 
 263.633270 
 264.465912 
 289.332489 
 334.440491 
 252.966949 
 213.936340 
 224.861023 
 206.226410 
 561.384644 
 217.046799 
 217.792694 
 291.065857 
 279.248260 
 208.225128 
 228.652740 
 375.793335 
 354.980957 
 200.442230 
 219.240097 
 404.874603 
 230.049591 
 204.254745 
 409.934967 
 233.902588 
 266.440216 
 211.921494 
 204.668060 
 369.938843 
 250.077271 
 232.978424 
 236.118179 
 209.098145 
 314.300049 
 337.925842 
 240.417511 
 304.129364 
 241.810226 
 328.323792 
 266.054291 
 264.808624 
 208.087662 
 210.820282 
 214.926041 
 200.490677 
 319.398224 
 334.982330 
 222.814774 
 352.291199 
