 247.480469 
 275.542480 
 394.513458 
 278.516510 
 229.555267 
 357.029022 
 275.748291 
 351.154358 
 228.752274 
 238.396133 
 209.923615 
 289.698517 
 279.099030 
 384.684601 
 411.984619 
 453.470032 
 216.094193 
 503.719513 
 269.527008 
 251.140717 
 218.289520 
 324.681824 
 232.376068 
 251.967117 
 299.562500 
 248.824799 
 269.980652 
 468.702423 
 205.230667 
 293.559967 
 363.482239 
 227.503403 
 236.566589 
 260.154877 
 262.713806 
 312.198334 
 224.987442 
 383.913605 
 328.482727 
 258.124023 
 432.611084 
 411.249359 
 229.207397 
 221.996567 
 261.892456 
 376.866425 
 211.391602 
 216.924576 
 207.325806 
 495.864014 
 219.592041 
 264.582428 
 385.066040 
 205.536179 
 206.516739 
 202.195221 
 206.661835 
 270.892700 
 407.323242 
 270.815582 
 231.662750 
 545.001709 
 372.555725 
 277.936005 
 234.696945 
 220.776428 
 227.082367 
 568.002991 
 638.868103 
 214.498611 
 236.817322 
 300.323669 
 212.744873 
 329.275146 
 291.656403 
 266.945587 
 244.409012 
 234.976166 
 228.310486 
 353.865723 
 298.206299 
 329.137848 
 274.227234 
 225.465088 
 289.555054 
 319.850525 
 256.337708 
 285.707214 
 219.145370 
 313.378967 
 201.574142 
 240.497391 
 296.495422 
1052.330688 
 227.400085 
 222.577530 
 306.284698 
 217.586563 
 217.302094 
 368.870117 
 235.299225 
 268.316071 
 250.485641 
 375.884674 
 328.883301 
 277.969086 
 301.247772 
 281.277924 
 362.323090 
 490.973511 
 215.884109 
 219.142380 
 312.252625 
 437.586700 
 202.107697 
 282.950317 
 277.755066 
 252.920090 
 295.463684 
 515.081848 
 411.196411 
 342.485809 
 317.079346 
 208.727036 
 274.961090 
 268.145844 
 278.552094 
 258.690826 
 263.496460 
 344.718262 
 206.399399 
 238.220932 
 230.766968 
 200.336273 
 206.711792 
 288.486664 
 224.302826 
 239.103119 
 218.500870 
 385.110657 
 252.384628 
 258.135895 
 305.506195 
 364.321655 
 629.427490 
 202.502991 
 208.863678 
 219.613022 
 224.335449 
 211.427048 
 217.380630 
 201.527222 
 227.242050 
 207.217819 
 273.760681 
 204.436966 
 298.898621 
 233.202560 
 222.441589 
 202.314789 
 202.968506 
 209.452332 
 298.745239 
 268.249115 
 395.634277 
 345.845795 
 234.285690 
 235.276794 
 278.086975 
 315.771149 
 232.021866 
 247.290924 
 387.988464 
 257.598145 
 356.215790 
 217.219757 
 403.918640 
 206.582840 
 237.405212 
 247.433014 
 208.496231 
 472.331116 
 638.661682 
 322.231537 
 988.962830 
 419.494904 
 288.013763 
 541.777832 
 325.758270 
 263.944672 
 263.712738 
 358.018127 
 207.869736 
 234.662231 
 203.109848 
 362.609589 
 241.050217 
 268.487793 
 216.710846 
 315.456818 
 296.178833 
 221.007278 
 233.124344 
 473.563690 
 287.411713 
 283.774384 
 350.384216 
 255.304001 
 224.780991 
 217.571457 
 251.605774 
 253.341064 
 316.905090 
 252.711029 
 274.008911 
 333.023560 
 312.318726 
 208.498062 
 394.090973 
 540.888550 
 327.519989 
 338.903412 
 209.139267 
 480.387726 
 220.672318 
 224.622620 
 392.044037 
 207.658447 
 251.518631 
 206.842407 
 235.152863 
 272.792877 
 421.216614 
 221.895844 
 232.300400 
 211.794724 
 210.032318 
 994.693848 
 215.787460 
 276.355164 
 356.731110 
 382.926208 
 283.313171 
1177.723511 
 343.222107 
 341.437988 
 262.750549 
 444.274414 
 222.085388 
 238.586273 
 424.590302 
 203.062119 
 233.514832 
 200.804871 
 253.939499 
 469.896057 
 313.428070 
 317.044098 
 242.274857 
 214.642990 
 303.308136 
 247.234436 
 284.295502 
 220.768616 
 241.225052 
 250.794357 
 213.311722 
 211.860397 
 234.536682 
 533.006653 
 481.211731 
 214.670273 
 254.057343 
 344.209839 
 281.633881 
 687.288940 
 257.966675 
 226.762985 
 250.822067 
 243.375595 
 232.459518 
 386.992188 
 288.615967 
 219.373001 
 246.427551 
 383.851227 
 232.131073 
 227.048233 
 260.456848 
 265.493896 
 343.428070 
 341.078186 
 250.173965 
 246.159363 
 206.644318 
 394.752258 
 297.416962 
 379.110474 
 285.786377 
 232.664474 
 409.550568 
 532.577087 
 497.305817 
 242.180756 
 213.645660 
 210.161804 
 206.516876 
 349.285004 
 344.997803 
 220.046494 
 200.357437 
 202.082153 
 204.970062 
 288.141632 
 217.326401 
 203.904572 
 310.997925 
 304.612976 
 210.733337 
 209.082428 
 485.931793 
 215.010986 
 201.073929 
 232.978989 
 213.653366 
 209.616730 
 420.510559 
 217.145752 
 260.933136 
 716.590149 
 227.708694 
 221.052475 
 362.213287 
 335.792816 
 217.032761 
 224.854340 
 213.167831 
 325.229248 
 222.306656 
 309.853638 
 259.226562 
 249.518738 
 668.791748 
 510.489166 
 213.930084 
 211.852219 
 211.335571 
 269.058258 
 208.566330 
 303.999573 
 415.454498 
 274.006500 
 323.373230 
 277.005829 
 233.860092 
 455.013550 
 316.285736 
 203.646896 
 210.740631 
 290.819427 
 220.467636 
 202.891754 
 514.150085 
 209.226242 
 384.507935 
 216.647629 
 247.382294 
 247.454681 
 228.612610 
 370.320953 
 250.007889 
 204.501480 
 209.734100 
 351.692932 
 236.704727 
 374.118500 
 269.726257 
 259.540833 
 299.996307 
 339.182495 
 203.563522 
 204.170959 
 231.464539 
 249.407761 
 247.041306 
 241.016998 
 220.169601 
 203.422867 
 246.711517 
 245.519043 
 239.907089 
 226.352081 
 227.111893 
 262.876312 
 285.037811 
 200.990341 
 201.639191 
 254.773285 
 326.076691 
 282.692322 
 350.975494 
 241.380814 
 203.198593 
 207.443817 
 557.376221 
 279.532349 
 220.910934 
 270.235443 
 228.509506 
 252.266708 
 224.568329 
 343.935516 
 308.173492 
 212.285660 
 247.176620 
 203.403671 
 211.418259 
 377.768738 
 217.189819 
 361.632568 
 238.508118 
 430.757660 
 233.504120 
 261.236542 
 416.574219 
 229.575317 
 273.242340 
 269.194550 
 221.973602 
 212.978790 
 207.234604 
 321.891876 
 314.323700 
 262.463257 
 286.487335 
 372.007904 
 236.901443 
 333.906860 
 219.710663 
 303.912689 
 317.013824 
 400.454254 
 365.127472 
 200.885941 
 219.759140 
 282.508026 
 253.652512 
 237.957199 
 242.275146 
 257.599731 
 325.912170 
 296.475220 
 249.919724 
 252.137421 
 211.744003 
 294.286133 
 556.095764 
 222.085617 
 394.891144 
 218.413940 
 217.316330 
 201.468414 
 212.095322 
 438.121979 
 214.025406 
 200.358215 
 206.662674 
 264.338043 
 335.796997 
 259.271606 
 308.244202 
 268.567078 
 252.960571 
 304.226044 
 278.966278 
 271.974304 
 290.730469 
 222.783936 
 202.257797 
 211.568512 
 305.667755 
 210.210434 
 277.947235 
 537.319397 
 201.228271 
 451.624969 
 273.464172 
 227.055786 
 238.326035 
 228.966583 
 219.985031 
 270.151428 
 363.047302 
 204.890640 
 364.791718 
 210.580124 
 229.223068 
 356.442291 
 361.634186 
 440.030243 
 429.415314 
 258.801758 
 234.224533 
 217.592972 
 303.992859 
 259.314514 
 234.655212 
 466.319519 
 361.608398 
 561.996277 
 210.350540 
 221.402573 
 375.455292 
 413.598755 
 517.848572 
 220.338272 
 297.202454 
 272.963196 
 316.832916 
 286.255829 
 262.109467 
 382.133301 
 249.782333 
 214.005386 
 289.126801 
 259.728363 
 239.016434 
 510.362732 
 210.049255 
 221.738861 
 348.271118 
 387.184204 
 226.443130 
 204.634232 
 312.681122 
 225.665039 
 326.742126 
 380.457611 
 226.683884 
 213.410995 
 265.243591 
 251.439758 
 204.050842 
 265.438263 
 259.976624 
 273.096222 
 329.189697 
 286.370148 
 210.648911 
 259.857910 
 204.205002 
 206.119110 
 426.513031 
 294.782288 
 202.869690 
 470.647461 
 240.332596 
 344.960327 
 205.647232 
 258.852112 
 270.051422 
 233.825211 
 215.920059 
 208.873413 
 228.235214 
 210.590302 
 217.849304 
 233.222244 
 296.853333 
 202.220856 
 223.984924 
 213.925064 
 306.600098 
 290.015900 
 218.836105 
 244.196442 
 212.162933 
 346.579163 
 787.403992 
 384.633240 
 216.757965 
 201.202972 
 292.267395 
 232.960617 
 219.526367 
 219.456955 
 252.264236 
 305.483429 
 284.958496 
 241.288849 
 355.560120 
 244.950577 
 475.048950 
 241.793991 
 270.270874 
 222.625717 
 260.837128 
 224.033264 
 277.012939 
 200.510147 
 268.025330 
 234.616592 
 283.648071 
 306.875031 
 207.415131 
 229.759430 
 299.487457 
 239.911957 
 389.328674 
 211.713089 
 205.730652 
 215.914734 
 240.869415 
 270.729187 
 278.289337 
 298.188171 
 229.802414 
 222.626724 
 343.699432 
 231.669083 
 211.352539 
 201.901184 
 211.289963 
 341.993378 
 207.716217 
 216.439819 
 230.736755 
 274.112335 
 562.446106 
 212.124878 
 235.371735 
 432.641510 
 286.568359 
 215.049667 
 399.772949 
 257.743073 
 282.843414 
 248.802780 
 242.976715 
 305.261841 
 222.442917 
 233.672897 
 251.050522 
 216.236465 
 241.343216 
 213.741501 
 219.177841 
 251.860611 
 397.798523 
 307.501190 
 257.481201 
 841.204773 
 370.340851 
 345.769318 
 258.964661 
 246.385010 
 279.040375 
 282.490784 
 283.623566 
 204.830048 
 214.638809 
 292.462646 
 220.827759 
 368.978912 
 235.744095 
 265.408539 
 516.065125 
 239.401489 
 281.600586 
 348.558167 
 322.111725 
 252.860657 
 266.990356 
 275.302948 
 227.614212 
 313.990387 
 242.648636 
 398.783051 
 346.819916 
 317.376160 
 387.390198 
 387.045929 
 210.490768 
 223.983215 
 300.662994 
 342.983154 
 263.606049 
 238.971130 
 397.995972 
 200.427246 
 313.328613 
 236.725174 
 487.530945 
 320.019653 
 364.674652 
 453.826965 
 318.217133 
 357.035095 
 286.073822 
 201.629166 
 258.779205 
 297.877960 
 200.553238 
 201.962250 
 238.884064 
 366.091217 
 301.652039 
 252.545609 
 453.019348 
 274.736481 
 245.773804 
 213.681107 
 391.217041 
 361.944214 
 330.588348 
 224.023972 
 273.755737 
 236.465576 
 308.075745 
 351.599915 
 309.301666 
 370.743774 
 228.195374 
 327.742889 
 234.729675 
 246.671219 
 239.236176 
 224.179703 
 234.305557 
 638.331238 
 328.331665 
 252.424683 
 306.975647 
 313.205566 
 204.230469 
 225.807495 
 204.124557 
 237.482803 
 202.779938 
 284.706604 
 265.158264 
 310.344971 
 249.032532 
 564.689819 
 215.285233 
 518.269714 
 229.612518 
 528.009888 
 206.215012 
 252.032883 
 409.800659 
 214.401413 
 275.232941 
 299.559784 
 274.278900 
 266.844452 
 337.159973 
 230.755798 
 371.550537 
 215.088593 
 203.003723 
 246.092331 
 464.548523 
 363.191925 
 382.489685 
 595.101868 
 237.233566 
 308.048920 
 276.057220 
 295.965729 
 285.721222 
 220.055527 
 213.663071 
 208.612000 
 281.960083 
 214.032532 
 243.263214 
 286.835266 
 206.997620 
 223.713608 
 241.464600 
 215.901459 
 298.551636 
 225.837967 
 308.671173 
 226.270599 
 359.815674 
 240.356995 
 345.752441 
 303.048523 
 251.077896 
 225.106979 
 544.048523 
 268.284088 
 342.241272 
 346.830963 
 209.564453 
 230.841782 
 220.647629 
 225.168015 
 215.820068 
 335.330994 
 214.465317 
 250.844360 
 238.091812 
 424.192474 
 264.809906 
 262.072601 
 217.186218 
 361.021301 
 260.928375 
 215.504471 
 305.377075 
 250.175140 
 349.518585 
 352.976776 
 779.037598 
 205.773224 
 308.926117 
 264.829773 
 449.560120 
 212.819839 
 209.357391 
 279.329865 
 279.596069 
 297.043396 
 220.742355 
 871.478821 
 208.887268 
 230.757675 
 292.214905 
 200.920471 
 263.947601 
 461.908813 
 298.560028 
 211.706909 
 249.771637 
 229.491486 
 239.890488 
 214.396881 
 591.450256 
 274.583618 
 207.671143 
 257.388977 
 278.556305 
 489.571777 
 244.802887 
 255.489548 
 417.922119 
 316.149200 
 370.874481 
 288.696747 
 428.579559 
 573.141785 
 216.222717 
 469.736603 
 548.549561 
 225.794174 
 210.596298 
 228.717438 
 241.033249 
 228.940979 
 223.708832 
 206.361694 
 395.573517 
 251.848679 
 205.081009 
 269.140503 
 210.477005 
 407.240082 
 287.077271 
 202.049896 
 258.419769 
 290.476227 
 218.493820 
 200.943390 
 480.572174 
 230.386047 
 448.970581 
 246.252075 
 201.957535 
 471.142273 
 605.680359 
 550.465271 
 205.486526 
 294.572296 
 345.389160 
 380.222168 
 342.213501 
 355.031738 
 320.443787 
 236.177887 
 311.267090 
 250.359726 
 275.487701 
 266.561401 
 285.356659 
 362.296204 
 318.646393 
 270.684784 
 230.302216 
 287.525696 
 223.047058 
 307.499542 
 275.558502 
 213.351440 
 345.725830 
 229.933426 
 286.999939 
 238.266693 
 403.179901 
 206.843048 
 454.504974 
 379.740479 
 219.508942 
 216.700867 
 314.430298 
 338.399200 
 334.134888 
 419.206116 
 215.546906 
 271.314392 
 224.194077 
 210.905563 
 391.541809 
 246.923248 
 204.146667 
 255.433228 
 296.372986 
 213.302979 
 208.330582 
 341.502716 
 336.754395 
 205.902252 
 282.876984 
 341.193848 
 220.429031 
 434.525940 
 253.300964 
 449.054962 
 410.899841 
 217.690018 
 343.884460 
 455.305511 
 299.441132 
 207.258682 
 205.871552 
 213.555893 
 272.976257 
 324.034607 
 257.200287 
 357.863892 
 244.410202 
 405.004517 
 202.879013 
 252.473328 
 245.630112 
 232.391479 
 404.935638 
 227.396408 
 328.448059 
 201.908646 
 226.876083 
 269.760986 
 222.038406 
 354.483490 
 215.294220 
 410.752167 
 435.899902 
 216.701645 
 202.002747 
 464.014709 
 272.590454 
 243.602646 
 268.245758 
 254.527054 
 314.229309 
 273.832428 
 320.884125 
 301.716064 
 365.400482 
 223.686371 
 249.926193 
 345.958008 
 255.255356 
 241.644211 
 427.089783 
 702.701599 
 234.428024 
 211.096268 
 341.290833 
 251.616562 
 227.971771 
 225.927658 
 213.942001 
 589.128479 
 289.735474 
 234.336243 
 217.123154 
 395.377045 
 214.771133 
 234.414322 
 239.667526 
 446.794159 
 222.075333 
 238.814438 
 355.976135 
 202.150375 
 354.235809 
 314.258636 
 317.735016 
 209.873947 
 257.815247 
 209.962219 
 216.950546 
 552.435303 
 338.731049 
 307.400177 
 220.907806 
 209.275330 
 293.873718 
 216.524429 
 418.448792 
 207.689651 
 204.760239 
 234.432877 
 229.416962 
 212.244614 
 255.328812 
 418.911713 
 347.359070 
 204.647003 
 445.394104 
 229.571289 
 815.434814 
 341.019989 
 487.601501 
 343.627686 
 234.201599 
 424.498444 
 202.423126 
 501.573059 
 323.240875 
 214.382568 
 225.850403 
 237.457779 
 260.048126 
 239.870621 
 272.739105 
 257.436768 
 209.564667 
 227.097137 
 260.782410 
 677.590393 
 760.418030 
 322.594757 
 235.617188 
 247.116440 
 214.259003 
 236.957230 
 238.066879 
 236.348053 
 223.535736 
 227.246994 
1057.705322 
 382.069855 
 385.619263 
 214.960236 
 305.541962 
 370.016785 
 269.938354 
 201.748642 
 208.732437 
 476.873596 
 516.112793 
 242.295624 
 382.314758 
 330.469055 
 383.458221 
 211.582214 
 287.284821 
 210.906891 
 514.525024 
 247.342819 
 206.469711 
 245.783875 
 219.233231 
 222.150879 
 277.052307 
 318.722595 
 304.511902 
 223.923904 
 245.185059 
 209.675720 
 270.159882 
 596.756897 
 245.514023 
 215.613510 
 440.415985 
 261.827850 
 236.760849 
 311.721313 
 238.426346 
 312.557922 
 215.931320 
 224.956177 
 343.381744 
 206.088013 
 503.394043 
 228.733612 
 207.580460 
 331.911377 
 250.460892 
 211.200546 
 440.125610 
 221.145340 
 630.732422 
 252.745255 
 261.976501 
 221.474762 
 210.958359 
 244.862610 
 289.142273 
 395.832947 
 278.334961 
 223.125275 
 275.843048 
 273.955658 
 267.960663 
 211.096497 
 231.056274 
 248.545609 
 235.485336 
 208.108521 
 279.506744 
 293.034149 
 242.121078 
 237.703384 
 247.674438 
 285.934082 
 271.032318 
 315.086304 
 469.519623 
 213.103546 
 232.789139 
 228.805191 
 210.074081 
 203.416855 
 481.662109 
 239.351685 
 266.875092 
 252.035019 
 300.510010 
 209.418671 
 208.588669 
 276.490814 
 214.727997 
 291.904297 
 274.532410 
 229.894974 
 268.334167 
 240.937881 
 225.416611 
 232.824188 
 286.935974 
 219.299026 
 424.483704 
 257.096863 
 229.657196 
 246.402527 
 206.284821 
 228.988373 
 272.665619 
 941.531738 
 255.611603 
 218.697433 
 301.478058 
 220.733154 
 275.759521 
 326.482239 
 446.393585 
 209.367981 
 225.068558 
 264.012238 
 353.530029 
 299.132385 
 252.810959 
 371.795990 
 264.762878 
 228.217468 
 242.214218 
 278.934326 
 282.184479 
 324.232056 
 221.221832 
 248.094208 
 263.562836 
 287.963837 
 279.194275 
 289.216187 
 234.815002 
 236.747299 
 209.661362 
 424.772888 
 217.636063 
 273.537750 
 246.585754 
 346.450287 
 229.522812 
 231.631256 
 237.319946 
 207.598434 
 378.081055 
 221.695450 
 305.128540 
 234.694794 
 291.090973 
 237.005066 
 217.669174 
 289.515198 
 424.890930 
 212.351974 
 217.883026 
 208.669830 
 740.815308 
 210.916565 
 257.581909 
 348.435486 
 220.159790 
 209.119965 
 223.766098 
 242.497116 
 202.130493 
 214.668091 
 288.769928 
 417.505707 
 220.407715 
 220.735947 
 280.672363 
 290.662445 
 335.296509 
 511.437653 
 323.821960 
 243.262283 
 441.987823 
 217.834579 
 210.391800 
 275.067657 
 278.377533 
 263.053528 
 590.319885 
 219.563889 
 212.585983 
 327.008881 
 281.834229 
 256.575165 
 200.993698 
 240.950287 
 230.740173 
 227.022141 
 210.861069 
 293.790039 
1219.577515 
 475.306824 
 233.789139 
 249.531784 
 296.336517 
 265.950928 
 328.354706 
 207.887436 
 413.731781 
 201.651245 
 987.072266 
 254.863327 
 518.648987 
 250.651352 
 248.526306 
 209.028534 
 274.781342 
 214.892670 
 211.809113 
 240.224411 
 228.219193 
 301.233612 
 260.765961 
 270.625122 
 262.483124 
 296.050995 
 223.182678 
 568.222961 
 217.535065 
 347.112701 
 284.021088 
 212.891373 
 249.160095 
 338.724426 
 438.011536 
 242.027588 
 209.999146 
 224.748657 
 217.072479 
 216.581833 
 424.347229 
 412.871338 
 251.054977 
 225.120316 
 677.811340 
 424.755707 
 382.541992 
 245.819687 
 202.717865 
 382.377899 
 327.655884 
 203.124161 
 316.643463 
 343.884796 
 334.149872 
 205.857178 
 206.438446 
 250.043091 
 303.337006 
 239.526962 
 225.488876 
 242.845886 
 392.155243 
 261.184845 
 206.971710 
 338.737274 
 335.727203 
 323.134949 
 214.485901 
 252.997253 
 213.329193 
 263.508911 
 267.497406 
 243.808044 
 465.829529 
 336.694183 
 247.697876 
 212.824341 
 301.218170 
 277.816467 
 220.353775 
 256.212769 
 248.518021 
 222.422180 
 331.226990 
 234.150497 
 312.132324 
 354.497772 
 382.040619 
 490.298553 
 233.007324 
 252.657928 
 279.423370 
 246.850571 
 205.999832 
 208.735245 
 228.890198 
 374.437439 
 414.564972 
 297.608368 
 356.107666 
 476.937744 
 204.916641 
 470.178589 
 220.441772 
 220.714462 
 255.042999 
 203.397919 
 428.276245 
 233.219269 
 316.795441 
 211.489212 
 278.024017 
 230.340195 
 216.080231 
 253.675903 
 400.017181 
 250.466003 
 308.429291 
 235.778397 
 203.012161 
 226.759918 
 276.151459 
 229.264755 
 824.645386 
 214.851028 
 265.478607 
 206.837250 
 205.862885 
 414.873810 
 215.750259 
 212.470291 
 418.986908 
 241.175262 
 263.727325 
 220.133102 
 280.574554 
 561.935364 
 376.606384 
 452.178040 
 217.864868 
 225.493576 
 227.676010 
 206.609421 
 204.734818 
 217.199188 
 204.814865 
 264.615265 
 270.493286 
 243.163177 
 294.872009 
 263.294891 
 253.021835 
 513.927917 
 377.852173 
 339.824097 
 446.879730 
 203.558304 
 427.026886 
 217.378372 
 602.813110 
 205.913757 
 268.280121 
 213.690338 
 325.601318 
 201.652679 
 239.105362 
 340.002625 
 239.274689 
 218.735275 
 209.784012 
 264.108551 
 244.244171 
 307.096924 
 251.553940 
 234.335190 
 278.870117 
 977.450317 
 302.556000 
 417.085022 
 268.845886 
 376.328491 
 269.904510 
 213.240524 
 295.913849 
 342.328308 
 209.437439 
 314.782654 
 313.461609 
 225.157578 
 231.670715 
 285.056610 
 242.101776 
 279.305542 
 248.278564 
 202.906540 
 279.535980 
 260.236176 
 255.946945 
 316.673798 
 245.924423 
 232.281250 
 201.311996 
 257.390106 
 203.586700 
 241.595596 
 276.167267 
 293.193115 
 709.685669 
 310.725800 
 279.343719 
 302.352386 
 435.920898 
 312.119934 
 591.302612 
 222.582809 
 316.460449 
 255.285965 
 303.423401 
 378.075287 
 291.563782 
 226.648071 
 348.300537 
 226.190094 
 222.016937 
 303.105225 
 255.043594 
 223.297394 
 396.090607 
 213.448334 
 208.099548 
 255.973907 
 204.060349 
 234.706787 
 280.058624 
 566.944275 
 242.710312 
 303.753357 
 227.087540 
 218.823212 
 261.432922 
 251.857788 
 239.227753 
 325.655182 
 315.530365 
 219.236191 
 588.910706 
 237.194489 
 671.611572 
 385.795624 
 411.997681 
 288.207855 
 234.167023 
 250.594284 
 273.034241 
 287.240845 
 267.940460 
 431.257080 
 349.396545 
 223.430191 
 514.374634 
 320.150787 
 472.327759 
 453.140564 
 218.501022 
 247.705704 
 275.484741 
 248.864853 
 661.391541 
 235.425125 
 270.217529 
 277.608704 
 290.203491 
 212.415771 
 334.067200 
 275.186890 
 264.736298 
 230.268570 
 226.572479 
 227.627304 
 232.190186 
 238.283447 
 210.826675 
 250.451233 
 230.642273 
 206.047867 
 258.985413 
 201.763153 
 431.895172 
 433.912506 
 728.714050 
 204.904694 
 280.349213 
 337.843536 
 237.353912 
 264.398834 
 488.891724 
 288.391022 
 315.678833 
 320.631317 
 879.720093 
 233.096283 
 956.733765 
 304.447784 
 211.053314 
 287.229767 
 266.718933 
 429.816162 
 494.415527 
 244.562775 
 462.778931 
 321.387878 
 294.513031 
 241.524078 
 324.253662 
 249.799042 
 215.768890 
 240.768387 
 243.394180 
 321.485413 
 296.532135 
 288.591553 
 200.686707 
 202.465042 
 242.228867 
 273.895691 
 446.243225 
 639.074646 
 236.827042 
 280.336304 
 676.963928 
 232.299438 
 256.678650 
 246.918594 
 300.189697 
 617.681763 
 245.063858 
 231.412796 
 209.120651 
 355.177063 
 384.341125 
 210.023651 
 336.971130 
 358.531586 
 277.861267 
 209.174484 
 312.856842 
 264.578522 
 362.173615 
 575.989502 
 206.194565 
 214.039429 
 434.711884 
 559.951355 
 225.068008 
 227.693283 
 392.754852 
 202.860703 
 461.913086 
 286.159027 
 284.856934 
 206.673798 
 624.860657 
 230.227036 
 497.692810 
 521.932251 
 224.079971 
 201.934036 
 294.155182 
 276.086304 
 208.142502 
 220.171951 
 242.612854 
 209.850281 
 209.335648 
 287.021912 
 359.814056 
 226.254929 
 228.098175 
 626.770874 
 345.989471 
 342.649963 
 271.190094 
 289.765076 
 383.385498 
 265.551422 
 215.214874 
 498.687469 
 208.098770 
 315.178375 
 416.882874 
 221.519608 
 213.026459 
 240.601776 
 341.911987 
 979.264832 
 320.339081 
 208.581741 
 216.266891 
 215.984375 
 268.029694 
 378.066345 
 288.296112 
 564.443176 
 207.402451 
 331.234894 
 240.423843 
 240.761032 
 211.160095 
 236.346191 
 259.880005 
 241.885956 
 219.691040 
 229.093781 
 239.073792 
 217.742355 
 220.594925 
 217.626144 
 202.342987 
 200.801865 
 206.942535 
 327.119873 
 353.089630 
 212.099304 
 253.750671 
 336.845093 
 232.617889 
 283.435638 
 215.540695 
 391.659241 
 255.990784 
 277.243011 
 326.539948 
 201.925491 
 349.857941 
 230.859512 
 217.725677 
 230.554337 
 258.391693 
 294.827118 
 410.826691 
 244.804321 
 204.578323 
 339.254028 
 201.005554 
 202.850922 
 221.299255 
 235.229721 
 236.888870 
 272.272583 
 454.918823 
 276.119995 
 258.543762 
 240.595551 
 246.989929 
 292.533386 
 733.755066 
 216.467850 
 330.393250 
 567.415283 
 233.807373 
 262.702332 
 235.353500 
 272.927887 
 251.777252 
 538.763123 
 285.562256 
 250.411880 
 221.697678 
 272.776184 
 254.393890 
 241.529755 
 341.048981 
 218.282623 
 427.452148 
 238.548157 
 208.062210 
 206.905228 
 250.076202 
 250.607559 
 273.852325 
 298.285675 
 262.780457 
 225.069870 
 223.806915 
 200.955048 
 255.785294 
 359.101471 
 453.209839 
 316.418579 
 207.382339 
 264.971497 
 201.936462 
 255.146179 
 264.095154 
 444.238800 
 715.928589 
 254.854523 
 202.266266 
 237.645447 
 237.830307 
 238.924194 
 225.773682 
 517.608704 
 247.982376 
 281.441925 
 245.327286 
 481.200500 
 246.766586 
 239.176941 
 217.630798 
 203.485672 
 210.437836 
 343.208557 
 232.457504 
 209.535004 
 253.451691 
 204.340210 
 224.182602 
 551.831604 
 202.251389 
 216.743362 
 250.602158 
 277.877808 
 250.321533 
 276.744141 
 329.065857 
 225.001511 
 414.001801 
 208.618317 
 224.601273 
 276.273376 
 211.651749 
 223.715027 
 592.223877 
 212.373901 
 334.115845 
 411.678833 
 483.212646 
 226.225250 
 207.435547 
 301.054138 
 246.311340 
 356.730713 
 250.870270 
 337.805328 
 352.306824 
 228.071182 
 210.759293 
 221.007065 
 296.281586 
 244.914688 
 240.344223 
 218.151215 
 215.437454 
 222.206329 
 205.008362 
 537.752991 
 256.592957 
 280.817780 
 216.384583 
 208.323288 
 213.299057 
 407.773346 
 308.079712 
 394.774841 
 230.665146 
 392.937500 
 432.716675 
 230.500870 
 227.989716 
 232.380569 
 206.184692 
 287.573792 
 241.526596 
 205.613724 
 218.606720 
 212.592041 
 439.933380 
 243.386978 
 341.411072 
 252.934784 
 232.369843 
 266.447968 
 245.312531 
 615.029785 
 236.826691 
 397.070953 
 308.840912 
 201.480972 
 215.580338 
 340.623932 
 303.880890 
 522.451416 
 256.842926 
 262.897217 
 574.725830 
 203.205048 
 212.528824 
 251.864319 
 241.219955 
 214.927429 
 268.020386 
 386.428741 
 268.244781 
 312.608795 
 207.092392 
 208.018723 
 294.418854 
 407.110687 
 223.534882 
 237.637375 
 215.317429 
 477.927551 
 273.084717 
 238.663940 
 228.750900 
 294.688934 
 575.141907 
 284.402161 
 221.424332 
 210.543900 
 278.372650 
 372.710022 
 251.990509 
 264.379669 
 273.343536 
 251.304886 
 206.600586 
 334.079468 
 200.121933 
 229.416656 
 213.115280 
 219.776428 
 484.755371 
 246.888824 
 449.502472 
 330.715546 
 374.974121 
 241.558807 
 252.958267 
 256.863007 
 205.100510 
 217.914993 
 204.208572 
 268.575928 
 227.684113 
 267.291962 
 461.221436 
 287.788025 
 254.594330 
 507.674469 
 205.385544 
 325.614410 
 224.710693 
 295.061127 
 212.911514 
 468.813110 
 252.413239 
 273.068909 
 214.556229 
 293.527374 
 264.089325 
 207.884399 
 262.756317 
 284.405396 
 217.540955 
 292.065948 
 589.194275 
 338.908630 
 206.483521 
 322.997803 
 233.336304 
 270.972534 
 236.016953 
 379.418427 
 288.783142 
 268.640717 
 344.796417 
 315.617615 
 201.876038 
 413.742401 
 201.589737 
 783.231262 
 204.407455 
 237.443573 
 316.989258 
 208.554245 
 288.452148 
 325.276611 
 235.467575 
 424.959381 
 512.126953 
 507.244507 
 340.525208 
 519.349731 
 207.710007 
 212.711746 
 247.913818 
 420.979218 
 312.508392 
 216.783188 
 228.280655 
 268.843658 
 220.132751 
 301.313995 
 248.354599 
 238.342865 
 336.065552 
 218.926636 
 768.126587 
 204.252075 
 201.368301 
 347.716125 
 390.776855 
 374.467468 
 204.586533 
 243.338135 
 233.067078 
 257.973724 
 283.735504 
 444.242645 
 241.914230 
 267.025116 
 271.801331 
 352.214996 
 304.928528 
 335.929962 
 274.979095 
 379.754364 
 213.580643 
 203.264709 
 382.499908 
 214.587646 
 287.393066 
 235.622726 
 288.618896 
 277.878326 
 271.326752 
 317.504669 
 254.117233 
 406.949860 
 211.741577 
 239.096252 
 222.846115 
 228.874268 
 387.850433 
 217.746704 
 498.525604 
 364.475403 
 289.836578 
 200.840744 
 364.603119 
 231.685562 
 328.638855 
 245.437439 
 263.988770 
 391.801025 
 296.361084 
 308.284180 
 301.592834 
 279.179718 
 203.327545 
 204.748077 
 215.147690 
 321.697418 
 282.723236 
 344.940918 
 374.630157 
 368.689941 
 202.948318 
 427.199249 
 237.238007 
 244.682922 
 260.528229 
 368.619171 
 308.571136 
 321.783203 
 486.061676 
 475.200867 
 208.621826 
 219.216492 
 200.295212 
 523.978333 
 261.122253 
 255.425369 
 234.832886 
 286.033722 
 273.257233 
 265.514496 
 274.046356 
 308.273254 
 230.011993 
 382.839630 
 257.382446 
 226.706711 
 251.860336 
 280.146881 
 425.709503 
 242.982635 
 222.400604 
 277.313538 
 403.294556 
 209.112167 
 251.996307 
 412.689240 
 301.256500 
 367.337769 
 200.086685 
 328.657288 
 201.778183 
 252.657013 
 232.711502 
 247.210083 
 239.952347 
 221.774261 
 223.852188 
 323.709534 
 398.992554 
 325.472534 
 222.847794 
 274.061981 
 246.151810 
 204.252869 
 360.671356 
 479.999207 
 259.637604 
 215.393433 
 349.607178 
 375.210327 
 248.519516 
 288.679962 
 411.297028 
 278.996063 
 256.179443 
 208.758957 
 211.140961 
 221.802994 
 221.476471 
 249.480331 
 304.283417 
 207.470078 
 203.980820 
 270.169983 
 253.348709 
 504.911591 
 379.611145 
 448.545410 
 234.887711 
 269.814880 
 525.968567 
 282.930389 
 202.388733 
 352.426727 
 200.208344 
 208.197617 
 237.994614 
 249.898926 
 591.706787 
 238.698166 
 260.917572 
 229.817657 
 508.521362 
 238.748444 
 203.956253 
 307.425171 
 254.261261 
 290.466553 
 439.328979 
 336.511230 
 292.645264 
 252.675720 
 219.795776 
 223.126434 
 247.736511 
 201.721161 
 232.906479 
 379.444427 
 206.441910 
 318.685181 
 377.289948 
 335.631805 
 267.814026 
 314.509277 
 217.878632 
 211.997787 
 352.601959 
 284.135803 
 255.524979 
 449.176208 
 241.921295 
 451.428833 
 234.055588 
 201.935440 
 243.724426 
 314.044983 
 219.637222 
 266.818787 
 201.133682 
 259.370758 
 204.386734 
 334.863617 
 341.610779 
 275.670654 
 268.084808 
 324.368683 
 262.462738 
 200.158813 
 280.233459 
 241.898346 
 280.187469 
 845.081116 
 207.459534 
 229.397171 
 204.951294 
 233.465500 
 297.718079 
 295.342072 
 267.186554 
 403.600189 
 489.851837 
 396.978058 
 208.155807 
 305.295135 
 233.085297 
 307.463135 
 417.074402 
 365.014679 
 281.512848 
 314.963806 
 321.635742 
 429.248901 
 611.592896 
 226.863953 
 203.402359 
 254.838852 
 322.328644 
 205.932892 
 407.067596 
 247.337051 
 294.395905 
 391.564972 
 237.376648 
 295.343872 
 296.124359 
 205.014282 
 366.131775 
 229.762970 
 327.763885 
 240.356033 
 200.067032 
 351.198273 
 239.895050 
 209.089691 
 260.298401 
 216.293091 
 417.592224 
 314.733826 
 286.301300 
 647.771973 
 224.662079 
 306.115967 
 311.538300 
 257.840363 
 252.811844 
 213.429855 
 331.034302 
 265.277985 
 346.477631 
 410.707458 
 304.673340 
 223.869888 
 211.718689 
 470.444763 
 205.402130 
 251.000275 
 204.608795 
 232.905487 
 248.941849 
 214.762756 
 547.260803 
 328.017700 
 222.247696 
 204.479340 
 231.880829 
 460.429230 
 227.327545 
 241.371460 
 288.986084 
 206.080856 
 233.960602 
 256.759460 
 310.662415 
 350.375366 
 265.855927 
 362.628174 
 209.978500 
 242.580139 
 367.597382 
 213.287537 
 202.287598 
 219.770554 
 357.717224 
 222.178879 
 258.751556 
 932.514343 
 349.549713 
 268.552643 
 225.622284 
 333.069000 
 202.554871 
 271.615814 
 313.023376 
 209.103470 
 225.388275 
 232.844620 
 227.110352 
 231.623505 
 326.712158 
 354.506683 
 416.479889 
 332.848633 
 227.564880 
 352.066406 
 288.516937 
 226.197983 
 315.531860 
 348.467773 
 208.492203 
 257.101471 
 256.213867 
 259.544922 
 366.802002 
 304.265717 
 466.968964 
 336.113129 
 322.265656 
 318.656342 
 244.642914 
 244.709946 
 280.436127 
 685.720215 
 352.072815 
 211.399902 
 249.684006 
 314.404602 
 341.085358 
 344.634460 
 263.405670 
 224.316574 
 224.096985 
 481.589630 
 244.475220 
 222.625290 
 231.066528 
 530.585632 
 536.830505 
 243.944595 
 200.791168 
 364.659119 
 224.426193 
 212.074783 
 240.995483 
 364.811249 
 309.525482 
 574.896606 
 255.195389 
 377.987946 
 215.012512 
 316.768738 
 300.487274 
 250.885162 
 322.943878 
 339.191223 
 219.704681 
 213.429428 
 285.182617 
 206.722702 
 217.050903 
 356.777008 
 205.358368 
 225.733368 
 258.256927 
 335.683533 
 233.105194 
 205.470886 
 242.340820 
 250.229050 
 290.496552 
 294.849579 
 314.148987 
 237.519714 
 219.688980 
 253.744064 
 233.645950 
 221.800568 
 209.818527 
 207.540237 
 206.219025 
 240.673859 
 292.155365 
 299.331482 
 204.612885 
 242.682983 
 249.278915 
 285.632782 
 219.545380 
 312.980804 
 207.777252 
 415.502289 
 211.223328 
 258.540161 
 489.536865 
 214.046097 
 410.900757 
 239.800934 
 337.336945 
 214.396805 
 279.832764 
 217.012558 
 207.069351 
 276.691040 
 317.713287 
 226.124115 
 478.749756 
 256.067810 
 206.989304 
 238.658981 
 237.265244 
 297.345306 
 227.333817 
 212.893417 
 305.494385 
 236.235336 
 306.748169 
 292.140381 
 376.854553 
 367.672485 
 225.265518 
 210.692093 
 200.737946 
 215.176895 
 223.102280 
 324.072449 
 205.334305 
 283.761047 
 223.165192 
 448.233795 
 284.511353 
 272.494232 
 249.329697 
 203.048080 
 295.372101 
 207.299728 
 235.770233 
 209.968506 
 216.512924 
 372.631744 
 236.457230 
 420.453857 
 220.633560 
 300.302399 
 261.944702 
 375.182861 
 243.187546 
 204.924240 
 514.923828 
 474.919525 
 354.265778 
 217.199738 
 206.852982 
 403.711212 
 207.810303 
 304.417725 
 202.253708 
 297.113617 
 298.142029 
 489.486053 
 459.328766 
 238.134430 
 335.241974 
 204.062958 
 236.902252 
 369.069427 
 252.004166 
 317.938507 
 227.806351 
 213.077728 
 224.136490 
 305.420929 
 636.231445 
 301.864868 
 249.122818 
 281.175751 
 253.929108 
 488.322388 
 209.061707 
 260.235626 
 330.369781 
 202.630783 
 205.652405 
 201.303711 
 232.416382 
 230.313278 
 416.317535 
 227.716522 
 200.659531 
 313.090729 
 238.401520 
 413.506287 
 263.529083 
 293.601532 
 243.511368 
 242.997864 
 392.023132 
 236.924561 
 221.410965 
 325.055420 
 202.009308 
 251.489792 
 212.925537 
 213.759766 
 232.026108 
 259.344421 
 200.469360 
 429.080872 
 582.215698 
 241.791885 
 222.741852 
 228.727661 
 202.011246 
 250.243134 
 206.952148 
 332.288391 
 586.515869 
 200.569992 
 779.080688 
 265.117035 
 301.664734 
 217.423767 
 391.396057 
 286.979675 
 246.874939 
 208.212143 
 205.620712 
 215.665115 
 421.623077 
 207.476685 
 742.326172 
 204.980789 
 216.377487 
 425.780792 
 249.267075 
 243.464584 
 404.937744 
 233.439056 
 220.368240 
 250.301910 
 220.392624 
 312.384125 
 205.966370 
 286.551910 
 435.272430 
 905.893799 
 261.564911 
 202.623779 
 252.560455 
 230.965088 
 257.081573 
 275.802612 
 238.841248 
 609.292908 
 246.834320 
 399.696228 
 241.415680 
 208.578232 
 511.125977 
 212.452438 
 286.406647 
 388.973511 
 291.831726 
 277.473511 
 231.823120 
 333.951477 
 246.386536 
 324.079559 
 446.967834 
 251.988724 
 301.178802 
 258.044800 
 224.504959 
 426.363922 
 254.021027 
 365.699280 
 206.157837 
 251.082352 
 207.567078 
 380.576721 
 211.130569 
 243.953964 
 330.426361 
 206.532761 
 280.318451 
 202.663589 
 224.796494 
 260.823853 
 278.609589 
 213.025009 
 253.617645 
 262.362793 
 216.323486 
 231.052338 
 201.230194 
 204.941422 
 226.383057 
 340.490570 
 265.655762 
 250.293045 
 215.517914 
 224.791229 
 223.078094 
 313.207336 
 282.698578 
 326.116394 
 399.857330 
 236.566772 
 237.689880 
 270.272736 
 223.607117 
 206.268204 
 277.901398 
 200.718002 
 272.149536 
 249.268860 
 570.864868 
 394.858887 
 335.390594 
 330.497894 
 221.288284 
 215.457153 
 228.136871 
 758.862793 
 280.196106 
 338.442230 
 299.334167 
 202.767349 
 281.678223 
 266.434204 
 472.481049 
 206.783569 
 269.136841 
 424.521515 
 244.987198 
 201.883072 
 281.234131 
 294.349426 
 336.038147 
 265.909119 
 310.135437 
 313.223938 
 200.875153 
 492.816925 
 254.957291 
 413.953064 
 212.970581 
 337.505768 
 225.821396 
 200.584671 
 340.233490 
 202.093643 
 403.720978 
 424.940979 
 365.926086 
 266.354523 
 231.307739 
 215.812790 
 438.180023 
 218.153107 
 254.617477 
 331.152802 
 247.855850 
 204.997894 
 221.475327 
 244.984390 
 248.613373 
 212.094681 
 498.471893 
 215.105423 
 257.141449 
 232.693359 
 236.568756 
 216.259216 
 313.935974 
 293.261566 
 202.702438 
 319.011658 
 659.570984 
 267.729126 
 255.244370 
 214.355865 
 206.792099 
 260.434418 
 536.365723 
 412.817047 
 294.865906 
 414.680023 
 302.891571 
 223.724243 
 225.108810 
 360.114166 
 561.521240 
 204.008957 
 422.760498 
 238.461670 
 448.975006 
 289.737000 
 411.080902 
 276.006470 
 349.031097 
 317.920380 
 224.988144 
 216.095718 
 236.342850 
 340.832184 
 266.311981 
 310.682983 
 292.119934 
 231.074310 
 318.916962 
 223.414337 
 214.939377 
 258.321503 
 265.209503 
 237.854767 
 227.696426 
 592.924133 
 688.616089 
 301.260437 
 212.674103 
 217.529510 
 362.265961 
 214.890137 
 245.597839 
 504.996155 
 286.756012 
 288.797516 
 258.132965 
 749.932190 
 222.847839 
 211.425476 
 218.251312 
 297.207458 
 229.564331 
 303.174194 
 231.923172 
 289.125183 
 223.515228 
 404.509766 
 286.805878 
 355.141663 
 230.905457 
 205.444809 
 212.236908 
 366.913116 
 220.047195 
 277.472046 
 227.229095 
 383.668121 
 316.911621 
 210.612030 
 233.188583 
 275.444519 
 229.755875 
 558.239990 
 349.177307 
 311.032867 
 408.492157 
 204.298553 
 299.999207 
 203.304611 
 252.280319 
 217.318176 
 268.817291 
 285.255737 
 386.084717 
 389.175629 
 277.799927 
 294.209076 
 203.850754 
 347.138458 
 241.716339 
 796.888489 
 459.305939 
 559.790161 
 277.313324 
 227.141983 
 227.969345 
 236.350067 
 322.614990 
 201.988205 
 310.689880 
 345.289551 
 251.977188 
 210.759323 
 201.688126 
 225.104996 
 263.940155 
 215.532639 
 227.290649 
 220.040161 
 204.173431 
 403.849823 
 444.701233 
 200.703323 
 359.576691 
 297.505341 
 263.289825 
 338.507172 
 256.801086 
 219.699844 
 306.741089 
 351.360657 
 213.535889 
 242.511108 
 307.130280 
 310.975952 
 266.992126 
 258.009125 
 269.226501 
 218.124054 
 234.387085 
 301.349457 
 306.976105 
 275.226654 
 226.881195 
 286.204926 
 224.707565 
 233.564880 
 206.715363 
 380.655304 
 250.165436 
 266.769684 
 350.546692 
 471.641846 
 898.297852 
 218.705750 
 235.450363 
 203.432098 
 239.330627 
 401.627716 
 498.060486 
 493.816925 
 594.147461 
 228.941391 
 223.991257 
 225.413986 
 336.604156 
 315.016510 
 493.151184 
 350.229248 
 235.651596 
 220.231934 
 299.289215 
 462.247345 
 213.843323 
 370.138855 
 295.158600 
 243.700256 
 214.522812 
 274.304108 
 383.073303 
 251.450928 
 215.618698 
 338.027161 
 213.464020 
 247.641861 
 230.759140 
 329.709137 
 542.087708 
 313.560455 
 251.764252 
 228.353256 
 400.411346 
 227.706985 
 388.220306 
 288.077301 
 226.873337 
 605.582703 
 244.202820 
 209.403534 
 214.401352 
 278.853699 
 229.321548 
 310.008453 
 350.084839 
 269.596771 
 268.828430 
 277.781006 
 286.531433 
 248.754715 
 251.268799 
 232.413483 
 624.795532 
 210.704102 
 300.443085 
 206.134491 
 218.894516 
 220.903915 
 326.210663 
 465.707306 
 208.558807 
 329.893311 
 255.854904 
 393.548676 
 284.867493 
 421.716400 
 221.430023 
 383.769379 
 228.843643 
 262.259338 
 270.235291 
 213.736694 
 207.634506 
 235.319824 
 286.097534 
 289.439301 
 228.717209 
 440.679993 
 288.812500 
 548.829407 
 205.873062 
 230.907349 
 201.342392 
 385.054230 
 221.922012 
 248.477219 
 218.207153 
 299.324768 
 462.552917 
 285.813782 
 340.852295 
 261.773956 
 291.135498 
 205.641815 
 332.224365 
 300.493469 
 328.113373 
 207.145081 
 225.183990 
 442.774109 
 279.884857 
 320.807495 
 284.261871 
 357.240875 
 300.286804 
 206.333786 
 210.010284 
 260.900055 
 312.142944 
 311.344177 
 223.279984 
 237.106705 
 271.166595 
 211.664505 
 333.498901 
 317.169006 
 250.960770 
 219.075455 
 226.577438 
 321.640198 
 259.588318 
 238.063248 
 243.668259 
 372.986359 
 456.800568 
 221.469162 
 378.159027 
 204.968811 
 283.425812 
 275.187958 
 313.960724 
 234.723022 
 266.474152 
 467.193481 
 219.815292 
 260.405945 
 202.008987 
 201.190353 
 260.096741 
 247.002411 
 206.917725 
 549.778931 
 238.090256 
 507.941711 
 329.628113 
 204.022888 
 412.035736 
 242.202759 
 281.582611 
 309.096497 
 389.033539 
 339.195740 
 211.278015 
 229.533539 
 224.100815 
 251.165619 
 253.848145 
 202.629776 
 207.216949 
 302.623688 
 341.743744 
 224.852692 
 226.949615 
 242.766418 
 207.280731 
 269.681458 
 309.207062 
 257.722717 
 350.085724 
 204.834579 
 230.724136 
 369.850342 
 204.405746 
 442.912781 
 220.854202 
 259.095184 
 294.267761 
 211.319031 
 386.220581 
 208.969421 
 212.245056 
 296.185120 
 233.574539 
 293.543549 
 211.989731 
 256.066315 
 217.409256 
 304.823822 
 263.948364 
 228.125839 
 396.314209 
 245.081161 
 279.579620 
 286.613892 
 240.543640 
 217.380219 
 295.651672 
 302.066650 
 433.479523 
 388.915253 
 486.807281 
 260.206451 
 260.174591 
 267.068024 
 660.055237 
 244.161530 
 279.995056 
 211.984344 
 234.525269 
 266.743805 
 207.523651 
 417.134796 
 407.200928 
 230.334015 
 295.949921 
 210.545578 
 453.982269 
 226.432739 
 410.510132 
 345.039856 
 230.261337 
 229.535233 
 224.102310 
 208.703217 
 228.056091 
 259.528381 
 274.039764 
 265.601685 
 217.182556 
 307.799133 
 275.416931 
 318.084747 
 399.863708 
 212.758682 
 248.029053 
 210.401093 
 218.989532 
 431.536621 
 214.427582 
 252.579910 
 210.494507 
 248.148575 
 227.654205 
 231.799500 
 402.984467 
 242.806992 
 215.588181 
 400.079285 
 257.868622 
 255.047562 
 235.596161 
 219.429611 
 322.950104 
 327.677887 
 430.147064 
 221.528107 
 209.709778 
 244.653839 
 242.446075 
 267.076324 
 203.092148 
 266.917267 
 356.756683 
 213.906830 
 217.044830 
 246.437881 
 470.214203 
 299.098541 
 243.045654 
 387.682434 
 282.908234 
 245.509171 
 268.299896 
 271.857544 
 327.389893 
 241.735413 
 240.174484 
 206.394409 
 259.649139 
 470.536743 
 284.037903 
 234.394424 
 295.482727 
 350.947418 
 231.759354 
 356.576477 
 249.010391 
 325.769073 
 251.882141 
 545.966003 
 248.771179 
 233.402817 
 375.117554 
 226.697449 
 352.852295 
 207.264450 
 271.284058 
 201.506042 
1000.994629 
 475.970398 
 267.138733 
 316.754517 
 208.324371 
 203.155411 
 295.456299 
 205.031311 
 248.948288 
 377.525848 
 316.458221 
 335.541382 
 552.880127 
 265.672607 
 602.726196 
 534.085205 
 218.264008 
 241.791916 
 277.127716 
 200.733185 
 447.029449 
 305.215759 
 264.204468 
 201.785522 
 239.838516 
 249.450729 
 426.219513 
 215.476578 
 776.656494 
 213.788956 
 298.379272 
 249.392059 
 238.371399 
 287.193848 
 387.307831 
 263.032196 
 228.711273 
 334.536774 
 205.567627 
 231.438400 
 339.835999 
 326.672668 
 272.356995 
 214.206024 
 485.208435 
 235.858963 
 459.504486 
 211.590790 
 214.663239 
 265.565948 
 225.055634 
 286.744446 
 760.774963 
 217.075699 
 469.966156 
 221.494614 
 315.214294 
 200.511719 
 221.053421 
 219.476425 
 277.207855 
 479.840942 
 266.749817 
 208.911270 
 229.883896 
 247.175964 
 381.496033 
 410.691742 
 244.072861 
 200.617477 
 225.702087 
 468.311066 
 233.468475 
 260.086304 
 350.291199 
 385.737030 
 214.284286 
 315.232788 
 307.647491 
 269.363190 
 256.696014 
 276.539703 
 284.227051 
 287.790405 
 304.909851 
 266.109406 
 259.642242 
 262.994843 
 272.925476 
 343.851013 
 711.359436 
 285.808990 
 246.566620 
 216.498444 
 250.245789 
 321.489319 
 210.502182 
 339.363098 
 417.930878 
 239.609268 
 269.803528 
 350.637268 
 231.519958 
 205.228195 
 211.062271 
 207.042175 
 710.765625 
 362.841492 
 512.001953 
 201.907791 
 235.958481 
 262.506622 
 222.097488 
 290.754089 
 206.587967 
 291.040283 
 204.314590 
 216.289993 
 223.923401 
 307.637024 
 239.846634 
 260.846222 
 222.785370 
 207.410004 
 493.070587 
 228.296356 
 202.424728 
 448.621460 
 215.165237 
 225.423035 
 259.247955 
 228.320740 
 202.065414 
 205.189911 
 307.277222 
 240.431839 
 279.037537 
 209.966751 
 217.561447 
 229.427200 
 202.819382 
 268.198181 
 204.462906 
 205.294556 
 212.468597 
 221.131897 
 347.236969 
 251.854721 
 220.366074 
 203.128922 
 431.620575 
 207.874664 
 211.254776 
 224.073746 
 204.584686 
 310.268188 
 486.637756 
 487.935120 
 341.341766 
 308.118622 
 261.456787 
 266.227417 
 246.379517 
 329.596680 
 208.635895 
 247.399704 
 355.501984 
 208.337616 
 535.211243 
 228.502167 
 222.495224 
 247.898331 
 214.752884 
 244.514862 
 212.191925 
 327.872833 
 352.417084 
 356.320557 
 266.711975 
 202.850708 
 258.172485 
 265.629211 
 259.277039 
 256.663727 
 349.319977 
 207.942291 
 226.131302 
 200.027679 
 279.539154 
 446.102753 
 286.588593 
 400.495911 
 408.021088 
 236.598328 
 235.914352 
 269.005188 
 325.607513 
 448.969513 
 222.385696 
 264.510040 
 431.997711 
 473.852081 
 598.604370 
 219.107376 
 315.432831 
 257.512238 
 259.587982 
 477.999237 
 280.804413 
 297.524567 
 233.991531 
 286.876709 
 413.001465 
 604.334106 
 214.410751 
 443.869537 
 253.850647 
 222.914337 
 218.913864 
 221.369537 
 240.217957 
 206.581818 
 520.197815 
 367.738831 
 227.370392 
 253.768356 
 204.792236 
 238.916901 
 340.979340 
 203.255280 
 274.311432 
 351.101318 
 305.626068 
 466.075287 
 234.274475 
 260.570770 
 242.945770 
 415.971283 
 222.086304 
 337.346252 
 439.305511 
 264.708862 
 266.970459 
 210.311554 
 282.153259 
 208.100235 
 411.662354 
 262.823120 
 253.805984 
 369.395325 
 202.143127 
 469.116364 
 318.304352 
 226.729172 
 205.082138 
 240.602402 
 324.428314 
 329.739624 
 277.498474 
 204.858734 
 463.765839 
 255.663391 
 249.916183 
 266.080627 
 227.562500 
 279.682739 
 222.552475 
 219.332184 
 222.376205 
 222.807053 
 470.057739 
 200.999817 
 240.303558 
 224.642380 
 262.476501 
 466.083435 
 625.363403 
 252.306961 
 358.497559 
 219.636383 
 246.290802 
 243.969620 
 232.742126 
 230.406082 
 289.774719 
 346.891327 
 317.828552 
 655.491760 
 556.822693 
 228.343826 
 263.476624 
 242.841507 
 448.191895 
 257.036224 
 546.636902 
 265.391357 
 239.463089 
 250.854996 
 445.706360 
 359.349762 
 345.375977 
 206.123917 
 301.483887 
 203.631012 
 200.486328 
 430.281250 
 278.003632 
 259.289276 
 350.967102 
 509.434265 
 741.196594 
 256.093201 
 208.445328 
 201.254532 
 250.164001 
 202.155457 
 203.555847 
 231.842651 
 300.827240 
 279.943176 
 424.752319 
 229.029129 
 328.704193 
 399.592926 
 280.272522 
 346.503906 
 218.751587 
 208.483994 
 272.322388 
 264.199402 
 299.415314 
 217.066193 
 229.980942 
 400.508911 
 238.809799 
 200.056244 
 216.139069 
 200.904312 
 204.903183 
 204.706711 
 303.346252 
 227.095596 
 658.899780 
 269.348450 
 266.685822 
 336.950928 
 201.743271 
 223.554031 
 411.450012 
 219.309296 
 232.574554 
 448.443634 
 248.148880 
 208.952820 
 215.298859 
 313.711609 
 285.676361 
 218.741669 
 202.290680 
 243.737122 
 232.960648 
 282.077942 
 429.567078 
 319.687866 
 223.758636 
 391.490631 
 267.975464 
 517.689148 
 240.111084 
 541.833923 
 335.286530 
 201.577530 
 227.560074 
 507.121124 
 286.411133 
 413.940887 
 243.638870 
 326.190643 
 227.431870 
 209.981506 
 234.572510 
 277.103516 
 249.202225 
 220.426971 
 519.809814 
 337.418610 
 523.487061 
 235.746460 
 210.600830 
 457.383606 
 299.055695 
 307.097595 
 236.445282 
 282.965179 
 241.705704 
 333.487885 
 250.013229 
 411.963409 
 274.480713 
 232.497208 
 237.050903 
 229.695847 
 215.316589 
 251.980865 
 421.727722 
 215.006546 
 210.456528 
 367.933655 
 636.879639 
 259.193054 
 296.834595 
 234.721329 
 217.155396 
 286.241180 
 636.857178 
 253.102829 
 203.719162 
 310.472076 
 201.022720 
 378.745575 
 223.273758 
 283.901306 
 327.388367 
 277.964111 
 335.030579 
 679.550049 
 493.171326 
 225.655884 
 203.981522 
 288.396790 
 279.223389 
 253.740997 
 309.512177 
 266.506012 
 222.413696 
 450.249390 
 225.266800 
 294.806427 
 240.030701 
 341.501068 
 292.084290 
 219.468628 
 208.443100 
 241.990479 
 354.377197 
 209.287308 
 358.981476 
 235.280045 
 514.567871 
 308.795502 
 252.646622 
 317.064178 
 261.179016 
 350.682892 
 229.736038 
 217.552124 
 405.091736 
 206.379578 
 516.430237 
 319.069550 
 323.675903 
 231.750931 
 215.943893 
 222.547302 
 245.743698 
 215.351379 
 465.916382 
 224.072128 
 235.219070 
 255.094070 
 307.348450 
 214.688736 
 212.035263 
 446.467896 
 269.748169 
 203.616150 
 516.179016 
 236.786987 
 224.315247 
 358.143036 
 272.762512 
 236.860229 
 252.166763 
 231.934662 
 368.734741 
 446.320007 
 200.061142 
 211.867050 
 302.871124 
 210.050446 
 304.721039 
 388.196930 
 284.616364 
 496.016449 
 203.984512 
 262.150208 
 339.266998 
 236.590790 
 264.972839 
 290.793945 
 250.144485 
 205.424576 
 231.458801 
 201.847107 
 514.074402 
 240.827225 
 264.520477 
 208.100220 
 265.785187 
 347.149994 
 425.217651 
 227.983109 
 232.986969 
 255.279449 
 261.160431 
 272.572113 
 402.269775 
 276.654297 
 238.019547 
 223.848587 
 308.680542 
 232.840714 
 448.385803 
 295.138000 
 211.855057 
 350.838837 
 295.721008 
 201.415482 
 272.172058 
 280.649963 
 243.148285 
 206.853729 
 267.953217 
 216.184906 
 224.831955 
 337.810516 
 228.758575 
 233.129211 
 238.282928 
 295.614716 
 227.416290 
 242.302673 
 355.141846 
 461.586182 
 246.643661 
 312.152618 
 250.191925 
 287.471649 
 305.282135 
 203.448120 
 323.237000 
 212.181656 
 249.413742 
 570.297119 
 398.361633 
 204.746506 
 260.473755 
 228.647263 
 370.732910 
 216.780212 
 244.729156 
 210.652725 
 308.051941 
 243.257736 
 346.069336 
 757.250610 
 266.313080 
 437.684326 
 396.349152 
 327.842072 
 248.700272 
 205.227219 
 258.611481 
 264.755005 
 210.318573 
 256.620514 
 394.645081 
 280.557159 
 215.352890 
 371.749847 
 498.987244 
 226.129868 
 749.083252 
 218.091263 
 248.845200 
 255.459549 
1021.711853 
 683.354675 
 623.990295 
 219.224167 
 416.177795 
 212.833084 
 248.908554 
 284.232910 
 364.373474 
 228.726837 
 251.132172 
 202.488235 
 264.686371 
 222.250778 
 228.336365 
 228.915558 
 201.791046 
 220.576523 
 202.827530 
 248.179596 
 287.216888 
 324.999237 
 360.536377 
 205.705185 
 395.931427 
 368.785248 
 339.778351 
 212.794479 
 209.103546 
 277.022125 
 295.683044 
 398.645020 
 238.501587 
 238.582565 
 250.028229 
 207.031174 
 263.622467 
 228.321503 
 426.278473 
 237.666565 
 214.376358 
 242.844330 
 378.483093 
 250.268112 
 271.779785 
 302.214081 
 366.429840 
 254.813583 
 262.643555 
 679.232544 
 270.196106 
 201.978867 
 482.842896 
 343.045471 
 355.238403 
 230.164398 
 260.882202 
 217.944183 
 227.961105 
 230.447525 
 435.020294 
 295.789062 
 577.570618 
 215.386566 
 373.325775 
 208.295853 
 298.938690 
 267.290253 
 248.392990 
 224.911499 
 247.324722 
 279.074188 
 410.502716 
 229.504395 
 225.184158 
 261.290710 
 248.758331 
 255.545471 
 283.963135 
 214.633530 
 264.832336 
 226.441071 
 220.980957 
 265.537933 
 203.307983 
 560.917053 
 233.811935 
 236.762451 
 378.115936 
 290.334930 
 329.503723 
 263.658203 
 252.426437 
 214.460907 
 424.629517 
 283.746582 
 376.938080 
 377.368500 
 205.063583 
 210.177277 
 242.158844 
 260.038330 
 363.213348 
 203.857910 
 335.003571 
 213.265976 
 213.379303 
 295.888275 
 208.666168 
 458.756836 
 375.976654 
 220.768280 
 346.482056 
 278.799622 
 363.874115 
 372.149353 
 406.925934 
 240.339294 
 303.981506 
 322.005066 
 244.549316 
 223.628555 
 514.907654 
 205.081772 
 300.893036 
 491.558838 
 201.708282 
 229.565750 
 230.503662 
 217.234131 
 204.313873 
 303.961700 
 425.074432 
 277.586792 
 213.677841 
 367.326538 
 370.355225 
 222.486710 
 271.281616 
 218.646255 
 202.455399 
 210.307846 
 213.346268 
 305.609680 
 257.183502 
 231.058365 
 209.029984 
 204.126678 
 228.960266 
 250.536606 
 334.090576 
 301.153076 
 398.340149 
 211.322372 
 340.795074 
 283.307007 
 218.395370 
 288.730164 
 250.522980 
 248.576401 
 308.414337 
 407.227509 
 590.235291 
 211.399551 
 200.788223 
 233.208145 
 215.653412 
 241.175964 
 425.755768 
 309.618530 
 293.510284 
 271.711884 
 422.944214 
 223.631485 
 238.633224 
 258.739288 
 269.054932 
 246.085785 
 263.302246 
 397.864746 
 268.620117 
 295.719574 
 308.595306 
 277.986359 
 201.408981 
 230.410187 
 209.251953 
 333.723083 
 261.542999 
 327.320709 
 214.940491 
 258.940338 
 220.332169 
 602.822571 
 328.213837 
 231.298721 
 269.531616 
 205.633392 
 204.002380 
 437.180878 
 213.392044 
 244.704605 
 228.243530 
 362.811188 
 218.845490 
 281.369690 
 222.502136 
 324.534058 
 236.855957 
 328.764465 
 202.115143 
 364.197998 
 482.695923 
 205.972687 
 205.513351 
 257.722717 
 214.997894 
 258.901398 
 257.677002 
 275.972046 
 239.144180 
 315.979797 
 272.356964 
 285.796997 
 258.365570 
 236.227051 
 243.649765 
 210.407608 
 271.436035 
 235.283417 
 257.580780 
 603.301758 
 285.701904 
 237.128235 
 297.882812 
 204.847763 
 252.804733 
 217.321533 
 213.014587 
 211.521393 
 255.819275 
 204.250397 
 235.849655 
 263.869873 
 242.109070 
 211.423157 
 213.508453 
 561.373352 
 283.765076 
 377.073029 
 643.046753 
 263.441223 
 220.948196 
 222.718506 
 295.883118 
 257.401154 
 267.455048 
 207.851807 
 217.150436 
 218.122681 
 404.630402 
 398.200439 
 250.281860 
 471.878052 
 402.268707 
 284.890900 
 284.688477 
 219.522995 
 215.385223 
 245.840988 
 267.453400 
 270.948547 
 387.403351 
 217.440414 
 223.140045 
 278.472626 
 212.799500 
 448.227295 
 323.257080 
 228.737427 
 337.165192 
 513.893860 
 262.684601 
 290.326111 
 303.946320 
 376.631744 
 206.895615 
 249.001236 
 257.808472 
 236.657272 
 284.010132 
 214.961166 
 303.291504 
 206.870697 
 212.592453 
 268.336975 
 477.097595 
 212.232071 
 489.332306 
 201.845016 
 406.589264 
 483.118652 
 458.423523 
 288.734070 
 203.530151 
 373.508545 
 353.898682 
 355.752258 
 241.382050 
 343.062775 
 369.431732 
 271.611053 
 205.097061 
 405.346222 
 201.548569 
 247.603088 
 270.981689 
 365.615631 
 220.480148 
 362.151428 
 214.613785 
 526.581787 
 222.735458 
 376.684052 
 259.692871 
 348.192444 
 311.908783 
 231.263199 
 237.595169 
 365.299377 
 376.531952 
 246.080048 
 213.478577 
 263.635956 
 236.549057 
 228.858414 
 262.730927 
 233.984924 
 381.155121 
 284.096313 
 351.199066 
 221.528214 
 244.084671 
 267.663422 
 517.933716 
 247.781570 
 331.738922 
 330.857819 
 256.575867 
 238.842560 
 209.581482 
 233.038269 
 217.065643 
 204.232880 
 422.376129 
 405.155670 
 213.430893 
 211.361008 
 221.142273 
 257.163666 
 343.125427 
 230.078506 
 290.860504 
 391.932312 
 252.858643 
 259.470337 
 209.008835 
 574.006165 
 220.705368 
 217.541962 
 200.597427 
 368.347992 
 313.162292 
 216.815140 
 405.430420 
 248.548889 
 415.552612 
 201.585846 
 237.867813 
 405.876373 
 202.411148 
 212.868408 
 235.141876 
 272.096130 
 251.952591 
 207.474747 
 416.279846 
 227.241318 
 272.132233 
 269.219543 
 206.017426 
 230.009476 
 316.792145 
 299.935272 
 237.827454 
 229.049255 
 433.222290 
 241.629852 
 246.429001 
 247.353073 
 312.573975 
 288.793549 
 208.882095 
 418.018890 
 208.423950 
 316.956360 
 213.105927 
 257.483398 
 215.276611 
 306.416565 
 270.119049 
 222.403778 
 335.944214 
 474.670044 
 225.903412 
 251.037811 
 336.401154 
 236.095871 
 307.207367 
 204.403381 
 297.259521 
 215.854889 
 206.422546 
 286.701569 
 323.400970 
 226.323059 
 392.404388 
 241.744522 
 264.894897 
 212.649414 
 296.382996 
 239.651260 
 345.580933 
 219.074844 
 312.317688 
 241.829514 
 250.125397 
 220.544357 
 275.664520 
 271.582428 
 417.089020 
 385.998291 
 217.435547 
 371.902039 
 302.211609 
 228.564575 
 319.767395 
 245.141708 
 205.686584 
 232.223404 
 201.601669 
 205.338974 
 215.453903 
 310.093079 
 239.556030 
 342.315338 
 213.456726 
 207.873672 
 228.360550 
 200.697906 
 202.195526 
 344.343323 
 353.664246 
 210.959198 
 261.653778 
 331.244202 
 226.868210 
 245.210617 
 235.894836 
 220.283249 
 253.033203 
 274.548798 
 221.356155 
 271.150970 
 213.299286 
 521.232056 
 267.103058 
 422.768066 
 365.709503 
 310.736298 
 236.170258 
 265.134735 
 210.185165 
 663.398315 
 230.510452 
 251.705002 
 259.945801 
 217.761292 
 279.440491 
 437.288208 
 201.607178 
 234.815689 
 546.162354 
 263.845337 
 206.588379 
 301.572540 
 348.417999 
 255.317703 
 227.379974 
 235.130356 
 208.991379 
 204.490402 
 232.107315 
 343.086761 
 218.649673 
 454.267792 
 206.649033 
 205.854828 
 283.933533 
 389.692535 
 237.162460 
 206.895004 
 347.024994 
 221.074234 
 468.884674 
 262.413239 
 209.945206 
 299.220245 
 212.170288 
 259.399048 
 326.228668 
 251.570267 
 204.282913 
 266.271667 
 496.612762 
 550.130798 
 508.337158 
 217.168045 
 244.224594 
 255.302719 
 280.786835 
 206.577225 
 236.878448 
 234.624695 
 283.585693 
 240.067001 
 241.587662 
 257.135406 
 216.286423 
 259.325806 
 430.431641 
 232.091324 
 367.384399 
 681.681641 
 261.111206 
 302.582520 
 243.262573 
 304.627045 
 203.576202 
 409.319397 
 322.695862 
 229.828873 
 213.532684 
 219.842850 
 223.107986 
 257.635681 
 310.534882 
 244.576126 
 252.265640 
 234.738846 
 217.935059 
 423.741577 
 220.437805 
 328.308838 
 216.651245 
 215.482407 
 529.211548 
 249.745636 
 206.687057 
 217.879852 
 273.398224 
 228.503113 
 465.960602 
 213.670807 
 335.191956 
 204.404312 
 506.883392 
 300.209778 
 214.410156 
 296.569702 
 236.675735 
 326.734039 
 200.134583 
 226.363068 
 360.091949 
 467.162781 
 202.202972 
 289.148041 
 225.746429 
 379.151306 
 282.946289 
 240.634384 
 361.676270 
 222.449951 
 356.556091 
 409.832611 
 241.485077 
 214.483810 
 239.376785 
 381.636505 
 253.058670 
 316.463135 
 395.884888 
 286.482513 
 253.611664 
 222.933105 
 222.341660 
 209.670135 
 407.503418 
 256.557190 
 215.882187 
 380.023010 
 368.989380 
1108.642700 
 213.953201 
 359.944916 
 383.585083 
 387.645355 
 270.025757 
 262.508484 
 406.643768 
 214.772202 
 260.049042 
 341.049072 
 308.592346 
 239.307678 
 313.034546 
 352.752197 
 249.981598 
 349.421600 
 221.970215 
 222.034180 
 219.882782 
 263.573761 
 300.991608 
 250.067398 
 226.899689 
 252.408279 
 204.868988 
 237.351685 
 385.483612 
 310.014465 
 213.264832 
 229.613861 
 359.105438 
 230.529251 
 210.153275 
 228.040680 
 291.050842 
 239.634583 
 387.747925 
 275.944183 
 214.787201 
 257.794830 
 216.513840 
 207.389221 
 325.270996 
 201.153839 
 301.037750 
 236.056656 
 216.546417 
 219.463135 
 390.394775 
 200.357880 
 236.529343 
 223.142548 
 309.271088 
 340.108978 
 257.757568 
 274.537384 
 711.644104 
 202.055588 
 200.191071 
 211.200119 
 254.296631 
 284.519073 
 203.380508 
 342.061523 
 269.752563 
 240.249008 
 431.757660 
 234.346481 
 227.041214 
 216.047379 
 239.619293 
 205.952377 
 213.038040 
 289.632782 
 215.871414 
 237.919769 
 232.487732 
 315.552490 
 283.210266 
 300.091461 
 289.479797 
 288.284027 
 200.842941 
 309.998413 
 244.804047 
 268.661102 
 622.986389 
 815.543701 
 477.399261 
 270.756470 
 452.510254 
 249.909378 
 284.395111 
 266.005096 
 211.183548 
 782.560913 
 403.496277 
 307.253662 
 213.486694 
 237.288132 
 355.208557 
 324.117004 
 362.886383 
 232.778244 
 276.653900 
 349.565369 
 208.323395 
 362.051697 
 204.931763 
 224.333466 
 281.482117 
 261.996429 
 305.319946 
 323.499725 
 203.239166 
 216.940628 
 270.005859 
 585.034851 
 254.318100 
 243.556732 
 370.149353 
 289.096436 
 345.913055 
 235.179001 
 205.700867 
 269.779633 
 200.921738 
 403.073578 
 210.657761 
 264.326141 
 351.327820 
 215.779175 
 207.699432 
 206.088943 
 219.196075 
 655.975647 
 332.352570 
 402.814423 
 343.634399 
 268.574036 
 211.191177 
 476.819702 
 331.625610 
 303.401978 
 210.558594 
 283.049164 
 302.118988 
 530.276611 
 231.319641 
 285.453674 
 216.401764 
 220.733658 
 201.591003 
 217.792984 
 213.717728 
 570.580750 
 202.589294 
 207.534027 
 246.512878 
 261.802917 
 614.536621 
 274.973999 
 200.182068 
 348.111938 
 282.483704 
 244.825775 
 382.900635 
 280.098389 
 284.874176 
 285.663422 
 224.400192 
 216.138794 
 201.655579 
 281.331848 
 264.063263 
 208.190033 
 200.491440 
 327.683258 
 305.141113 
 418.220001 
 203.777115 
 973.858276 
 604.290833 
 230.244690 
 226.485291 
 744.865417 
 312.582550 
 262.962372 
 222.072708 
 405.192169 
 203.808701 
 338.772827 
 303.186066 
 414.993073 
 238.274200 
 280.563751 
 212.594330 
 253.815353 
 243.191345 
 258.575043 
 237.807602 
 345.436615 
 239.079498 
 522.098999 
 250.087341 
 225.738983 
 293.265289 
 228.205719 
 337.065186 
 302.827698 
 223.271973 
 201.843933 
 204.641556 
 542.975098 
 224.284912 
 226.852921 
 521.398071 
 218.936356 
 347.376373 
 249.993210 
 228.433380 
 218.556717 
 293.975586 
 251.256393 
 299.509949 
 258.799377 
 237.870621 
 284.537750 
 272.037811 
 242.981766 
 369.905670 
 252.209717 
 251.023376 
 288.544556 
1286.259399 
 359.476990 
 565.013306 
 220.793747 
 457.867065 
 202.268890 
 269.685089 
 284.989899 
 435.202850 
 253.413544 
 223.415894 
 246.504089 
 315.091278 
 245.881866 
 286.514801 
 327.891113 
 289.273834 
 231.632278 
 328.832550 
 418.399414 
 289.277924 
 249.044754 
 291.420135 
 364.689667 
 289.098145 
 219.368423 
 242.017166 
 322.622101 
 249.859711 
 219.959091 
 350.708618 
 265.308502 
 398.740112 
 263.524963 
 245.770111 
 265.425720 
 283.014191 
 237.267822 
 254.371155 
 323.149414 
 216.511642 
 444.963165 
 324.139496 
 247.256897 
 227.888031 
 270.452301 
 215.799728 
 305.061249 
 260.398834 
 200.778458 
 333.467438 
 269.079071 
 225.041595 
 404.818756 
 738.484680 
 346.004700 
 256.758820 
 275.347961 
 389.316895 
 424.531738 
 219.174545 
 257.528351 
 315.886871 
 280.429932 
 233.330719 
 216.115204 
 234.492676 
 239.946991 
 204.671982 
 231.535110 
 204.923386 
 259.979553 
 222.701279 
 427.049469 
 225.982193 
 338.758209 
 238.623230 
 538.650940 
 278.933441 
 238.389954 
 250.715317 
 202.503754 
 509.955475 
 243.330475 
 701.583862 
 221.680832 
 292.881561 
 203.284042 
 240.629196 
 241.936371 
 248.451248 
 239.334763 
 200.196579 
 276.249725 
 227.217316 
 207.558975 
 305.051819 
 299.677307 
 378.941040 
 360.730682 
 290.967560 
 247.797684 
 222.244431 
 277.984619 
 246.791702 
 331.535492 
 535.773682 
 451.931580 
 258.422089 
 326.145752 
 356.729401 
 228.703278 
 583.519592 
 227.857376 
 249.082626 
 200.322800 
 231.469528 
 253.481552 
 205.123947 
 267.910217 
 317.964752 
 246.046661 
 200.712265 
 330.936005 
 203.032669 
 367.395569 
 464.403137 
 251.606964 
 265.271057 
 218.562943 
 222.927353 
 252.766663 
 560.870117 
 344.563171 
 210.142761 
 319.162994 
 236.515503 
 383.098236 
 252.345917 
 230.230118 
 239.925125 
 342.946625 
 218.525177 
 206.828156 
 263.701355 
 206.575653 
 243.987732 
 383.916595 
 231.247253 
 304.097046 
 385.985748 
 219.804779 
 330.655548 
 237.596375 
 311.023010 
 325.641785 
 357.615356 
 228.428940 
 288.556091 
 234.118210 
 366.583832 
 260.609863 
 204.951157 
 208.709457 
 220.819702 
 252.510025 
 310.082092 
 240.852753 
 242.654343 
 393.175934 
 367.048523 
 315.454498 
 228.362793 
 213.711914 
 379.022003 
 499.031616 
 454.430756 
 399.606659 
 455.400818 
 283.309143 
 202.191650 
 566.819153 
 220.630356 
 200.720047 
 327.938354 
 206.690613 
 399.575836 
 297.733521 
 418.197083 
 346.390961 
 330.601105 
 212.205521 
 260.085785 
 273.149658 
 352.319763 
 304.798950 
 211.299805 
 253.280487 
 393.517059 
 204.384445 
 239.256577 
 395.414825 
 249.716736 
 539.025635 
 203.097046 
 218.535156 
 306.851318 
 308.758942 
 205.474701 
 305.765198 
 209.403641 
 710.922058 
 220.815826 
 306.920715 
 209.900314 
 237.367081 
 258.517273 
 218.200119 
 293.267761 
 337.801056 
 247.089386 
 274.721741 
 236.592377 
 246.511627 
 216.717590 
 207.157181 
 209.999023 
 330.789185 
 230.790894 
 227.583237 
 355.121674 
 280.565338 
 325.881378 
 299.301117 
 226.941055 
 249.039932 
 206.961426 
 360.256927 
 277.958008 
 269.850220 
 236.995117 
 307.023499 
 201.990982 
 223.584641 
 228.702637 
 366.876251 
 285.561584 
 215.347610 
 298.268494 
 410.267670 
 432.029694 
 222.045517 
 208.355850 
 412.623993 
 224.759155 
 521.416870 
 202.840454 
 239.493683 
 485.656982 
 327.016205 
 261.378540 
 486.796875 
 464.195587 
 208.194977 
 282.736145 
 232.865875 
 289.903717 
 227.084686 
 207.936447 
 380.498108 
 277.955109 
 454.390320 
 245.084076 
 291.431732 
 559.174194 
 285.951721 
 250.332657 
 201.254913 
 207.437088 
 230.736877 
 218.671097 
 606.347900 
 313.221466 
 242.946381 
 228.917450 
 262.603302 
 213.364853 
 338.075287 
 349.237457 
 656.102661 
 411.671661 
 704.108032 
 313.624054 
 209.498215 
 201.018585 
 205.168564 
 238.087250 
 208.620697 
 321.804718 
 226.092896 
 231.795624 
 217.027328 
 392.764404 
 213.354645 
 311.930878 
 215.105225 
 248.322281 
 256.602539 
 439.135620 
 276.756104 
 248.770004 
 253.473343 
 207.797501 
 215.988602 
 248.845230 
 214.941467 
 213.761215 
 223.309250 
 223.336441 
 387.605316 
 288.439087 
 234.890854 
 259.486023 
 775.532837 
 355.075836 
 230.951843 
 353.489349 
 242.564957 
 256.835876 
 308.260040 
 203.112045 
 270.644135 
 278.162354 
 238.357147 
 385.415253 
 232.725723 
 207.558258 
 219.951935 
 267.305725 
 222.738800 
 642.515991 
 241.098862 
 295.268250 
 264.679352 
 223.122253 
 277.003632 
 413.783722 
 288.147064 
 280.556427 
 245.463882 
 465.257965 
 200.591309 
 353.081482 
 226.540909 
 289.652191 
 221.975433 
 220.187271 
 236.736725 
 385.576080 
 214.943924 
 214.370102 
 318.298553 
 209.357178 
 334.277466 
 424.054688 
 280.737122 
 256.869598 
 213.590805 
 427.416260 
 318.622101 
 281.091888 
 221.535309 
 214.687363 
 242.066742 
 302.908722 
 212.513855 
 368.190277 
 205.845276 
 250.443863 
 295.171143 
 206.387665 
 272.856415 
 262.069672 
 218.450760 
 322.524872 
 360.236389 
 234.789612 
 284.639679 
 263.808594 
 309.593719 
 210.242859 
 247.351395 
 234.361816 
 203.092743 
 285.843018 
 238.326523 
 217.126068 
 327.042267 
 257.761444 
 204.486450 
 235.461563 
 203.790863 
 207.797546 
 216.940598 
 247.799088 
 201.815887 
 277.191498 
 243.681320 
 206.600861 
 216.670151 
 234.004623 
 233.405151 
 236.128693 
 220.477112 
 316.331177 
 531.876038 
 392.985199 
 303.827301 
 267.400879 
 228.710907 
 255.835892 
 224.504044 
 687.045166 
 230.884460 
 202.021973 
 216.995544 
 328.687714 
 209.459122 
1368.610962 
 225.250290 
 216.285233 
 303.305267 
 286.670410 
 336.560791 
 262.140472 
 232.231201 
 329.532349 
 248.558380 
 275.812592 
 285.710205 
 342.362274 
 212.162521 
 250.753723 
 335.710297 
 334.599426 
 246.659515 
 313.580597 
 205.783432 
 221.654099 
 235.865967 
 200.280212 
 245.650558 
 259.793427 
 254.489944 
 413.068878 
 447.948151 
 225.943268 
 261.806915 
 539.488953 
 214.012024 
 217.383942 
 319.767334 
 273.190704 
 338.318848 
 288.757294 
 357.922821 
 211.483932 
 383.149200 
 281.421814 
 406.436096 
 254.413666 
 208.264084 
 203.186295 
 236.005600 
 205.667603 
 262.136566 
 226.151398 
 297.850220 
 301.121796 
 246.526230 
 454.539337 
 262.290894 
 366.027924 
 230.727066 
 217.081635 
 301.929626 
 239.190674 
 268.845459 
 369.869232 
 251.247925 
 212.955872 
 262.530151 
 205.226639 
 260.221466 
 238.673111 
 261.624634 
 200.304596 
 303.256622 
 234.695312 
 227.768829 
 285.851562 
 219.414948 
 305.440460 
 236.769196 
 209.439087 
 334.225952 
 221.007767 
 436.678192 
 260.203583 
 232.792175 
 270.478485 
 476.134949 
 226.896225 
 205.891022 
 221.269058 
 298.693787 
 211.189575 
 201.161865 
 433.559113 
 200.278397 
 275.962494 
 423.572235 
 200.440704 
 292.854828 
 267.374908 
 492.693024 
 218.293381 
 375.747894 
 215.975311 
 504.517517 
 394.827576 
 306.255402 
 568.573669 
 233.763138 
 211.913315 
 246.233231 
 249.709137 
 426.028809 
 234.984344 
 291.278046 
 216.920868 
 218.159027 
 264.975952 
 318.623138 
 282.451263 
 206.527664 
 314.999969 
 392.926605 
 255.645721 
 315.151459 
 207.367233 
 216.250854 
 429.950531 
 270.591125 
 265.973358 
 259.160034 
 326.392670 
 220.763992 
 201.749237 
 271.107971 
 231.624207 
 314.261475 
 229.996277 
 401.208832 
 272.058533 
 215.710693 
 225.279449 
 273.247437 
 402.468750 
 227.250916 
 352.437347 
 298.017151 
 350.116364 
 235.630356 
 232.322266 
 308.292358 
 203.300690 
 228.204224 
 219.090607 
 498.558807 
 200.116730 
 211.562164 
 292.909760 
 250.269485 
 201.340942 
 219.192902 
 223.096619 
 211.510773 
 351.464691 
 201.799973 
 282.219543 
 309.171204 
 436.608704 
 213.755920 
 222.452850 
 289.569275 
 353.091309 
 311.351562 
 314.125488 
 248.469452 
 206.497986 
 221.542725 
 273.449005 
 352.937622 
 269.563477 
 200.557419 
 208.609451 
 220.198288 
 225.180588 
 205.099884 
 332.615784 
 521.723633 
 221.440277 
 205.668991 
 283.259369 
 201.436066 
 279.778687 
 201.431305 
 284.150208 
 262.235260 
 205.302444 
 268.229919 
 217.554321 
 226.683167 
 440.362396 
 298.774078 
 252.423981 
 234.976318 
 436.963501 
 320.332611 
 277.598206 
 520.371948 
 361.786987 
 284.811890 
 211.420471 
 472.994293 
 359.120667 
 322.717224 
 293.594452 
 350.494934 
 303.809967 
 281.752075 
 225.281387 
 259.988708 
 225.210358 
 268.613251 
 250.208771 
 431.489258 
 205.210495 
 222.144135 
 272.917084 
 437.087799 
 459.322662 
 706.322083 
 341.595001 
 228.832657 
 210.651764 
 292.720184 
 260.116760 
 213.722214 
 449.913849 
 411.346741 
 244.565582 
 462.378754 
 368.818848 
 230.038162 
 492.975891 
 260.992889 
 367.249939 
 401.471466 
 250.448288 
 246.270264 
 440.824249 
 320.537842 
 209.059692 
 311.127594 
 339.607849 
 228.913589 
 295.790771 
 245.191147 
 304.408234 
 514.745911 
 686.114807 
 548.848999 
 266.326996 
 289.786713 
 207.848083 
 200.028885 
 221.348022 
 293.180573 
 217.486435 
 216.788712 
 416.493866 
 302.741425 
 218.555466 
 206.436020 
 209.371719 
 274.904846 
 408.067200 
 232.260971 
 261.101990 
 223.963974 
 245.668457 
 210.167526 
 391.196930 
 325.543182 
 217.837646 
 266.121674 
 274.750610 
 205.844955 
 313.829376 
 285.949005 
 219.638565 
 266.722473 
 637.481079 
 250.512466 
 288.198212 
 230.828262 
 244.455307 
 285.749542 
 282.750610 
 410.895294 
 473.807953 
 206.194397 
 227.167496 
 267.308685 
 272.063232 
 267.381775 
 213.860962 
 237.649124 
 271.732178 
 282.028992 
 200.723953 
 238.999557 
 243.671341 
 318.949402 
 321.087982 
 207.607681 
 209.782578 
 623.864014 
 356.724518 
 251.540771 
 252.952393 
 222.682434 
 432.547607 
 560.448303 
 617.641052 
 242.519943 
 225.475449 
 356.012573 
 351.672913 
 525.122314 
 222.883835 
 211.629425 
 203.944931 
 253.911179 
 246.168854 
 200.930191 
 222.598038 
 248.982086 
 241.293976 
 246.079498 
 203.243271 
 272.983704 
 712.406006 
 266.941986 
 317.962189 
 253.392715 
 731.278809 
 250.041718 
 365.729767 
 225.927750 
 269.515198 
 231.530106 
 491.891205 
 247.673569 
 260.901123 
 208.577042 
 296.161560 
 565.929077 
 240.022705 
 235.806152 
 281.599915 
 298.695801 
 248.967117 
 211.959000 
 233.898529 
 310.157806 
 208.499542 
 228.591293 
 361.159424 
 443.011261 
 224.781113 
 205.053513 
 211.195526 
 336.098846 
 306.658630 
 250.035660 
 208.604355 
 400.472015 
 233.975647 
 207.645523 
 275.698090 
 230.916061 
 336.764282 
 378.137207 
 230.834198 
 295.470764 
 263.445557 
 332.391113 
 223.576172 
 239.389313 
 292.255402 
 238.473679 
 237.892960 
 216.083008 
 207.812012 
 376.071411 
 200.688568 
 375.826019 
 226.841660 
 452.442566 
 563.958557 
 410.658569 
 563.286072 
 296.128174 
 332.522491 
 236.216721 
 255.934189 
 239.818024 
 362.152557 
 251.256485 
 229.355515 
 456.449341 
 221.652679 
 287.507202 
 212.190582 
 300.817444 
 252.240067 
 241.980835 
 230.794815 
 294.164215 
 361.893219 
 208.401215 
 210.622742 
 293.022491 
 270.208344 
 276.748016 
 266.540009 
 287.199951 
 465.893219 
 308.605530 
 238.126053 
 218.666580 
 212.252197 
 206.869537 
 225.781738 
 243.990173 
 242.909988 
 249.143082 
 356.609802 
 231.660355 
 431.118408 
 247.511551 
 449.649445 
 250.001556 
 216.273407 
 202.492905 
 349.446350 
 371.350769 
 329.201355 
 237.432068 
 252.786346 
 218.010300 
 302.393738 
 673.138672 
 219.934464 
 220.577408 
 458.314056 
 292.125702 
 231.614410 
 221.898254 
 527.613403 
 234.222900 
 524.016113 
 466.453583 
 274.733704 
 290.221283 
 272.541748 
 764.723511 
 306.809204 
 239.302460 
 276.281006 
 221.632202 
 261.143921 
 277.539215 
 258.824646 
 200.245209 
 204.260178 
 248.831955 
 244.116699 
 327.564362 
 249.274567 
 550.346741 
 202.068848 
 264.851868 
 202.321869 
 439.453064 
 205.544769 
 498.002747 
 248.088715 
 299.653992 
 226.426910 
 489.245117 
 217.889801 
 201.541519 
 227.477219 
 262.882446 
 202.720978 
 310.729309 
 209.625900 
 218.814316 
 380.369385 
 210.050064 
 293.953003 
 274.007996 
 225.587646 
 201.845505 
 200.785507 
 253.846710 
 212.661835 
 226.812134 
 302.717468 
 251.497818 
 390.004211 
 221.604431 
 257.486816 
 264.009949 
 259.465881 
 225.133514 
 242.171082 
 243.634201 
 606.544800 
 262.024261 
 207.075653 
 268.102448 
 268.901306 
 217.904419 
 209.860733 
 265.991974 
 270.055206 
 348.632996 
 236.671860 
 424.530884 
 335.737335 
 260.336121 
 297.154144 
 317.846405 
 269.919739 
 243.696060 
 283.673737 
 263.895569 
 205.889389 
 225.108551 
 365.472382 
 280.465424 
 336.881622 
 206.013916 
 252.217072 
 209.845306 
 214.294785 
 217.057465 
 394.932343 
 241.851135 
 234.203400 
 261.707092 
 201.414246 
 222.849213 
 245.929031 
 229.787964 
 307.037323 
 405.267303 
 250.287827 
 241.890747 
 240.033310 
 238.648758 
 202.747681 
 209.982819 
 224.018219 
 330.110168 
 247.483871 
 224.018860 
 216.247787 
 243.679276 
 223.752426 
 284.839783 
 243.334579 
 491.607819 
 236.821640 
 640.988281 
 204.327713 
 207.309555 
 229.506973 
 282.758514 
 290.902557 
 243.728455 
 266.607666 
 303.204895 
 257.121857 
 273.255615 
 238.007141 
 319.357147 
 217.502167 
 329.319916 
 251.100235 
 209.852188 
 313.560638 
 557.278992 
 202.384155 
 233.513702 
 536.404663 
 563.355225 
 246.641373 
 211.395233 
 349.483887 
 208.896301 
 245.703033 
 274.946381 
 230.626999 
 200.606567 
 234.835709 
 304.701019 
 378.692413 
 527.601990 
 232.700974 
 275.032166 
 245.178497 
 231.900330 
 504.218658 
 317.227478 
 211.148880 
 267.590271 
 203.351852 
 214.706635 
 289.790649 
 241.825134 
 348.906799 
 330.946869 
 233.390121 
 331.019226 
 239.894028 
 205.084991 
 231.905014 
 222.730804 
 293.345673 
 215.679688 
 220.172134 
 205.941376 
 200.938217 
 243.414001 
 204.143784 
 224.352936 
 217.731644 
 221.667358 
 206.900528 
 336.948059 
 237.386215 
 260.484924 
 248.349701 
1081.111084 
 370.888702 
 321.988983 
 320.574951 
 239.032166 
 205.191162 
 343.050659 
 271.386719 
 207.035843 
 325.830597 
 356.013794 
 247.493851 
 227.719864 
 261.865082 
 207.831345 
 578.736084 
 241.729462 
 458.462921 
 656.170532 
 247.825363 
 232.278000 
 268.567413 
 539.609558 
 267.022125 
 248.098785 
 226.232803 
 215.467041 
 204.719910 
 319.187561 
 899.582642 
 210.527725 
 569.795471 
 426.169281 
 287.948486 
 291.743683 
 596.563110 
 319.292633 
 283.719238 
 200.364471 
 220.505661 
 223.113724 
 305.263336 
 247.642349 
 341.449158 
 300.122467 
 266.702454 
 355.225403 
 200.681122 
 381.154968 
 314.710266 
 277.224060 
 265.496521 
 264.806061 
 230.413803 
 353.788727 
 738.530823 
 245.229904 
 209.820755 
 406.325043 
 236.486954 
 200.140503 
 217.265594 
 222.970291 
 292.725311 
 452.093903 
 227.766998 
 521.688110 
 226.993835 
 221.331131 
 213.000656 
 233.717133 
 218.398361 
 284.891113 
 285.110748 
 201.488724 
 605.400635 
 366.897034 
 593.516418 
 227.866104 
 232.938461 
 256.670013 
 219.939896 
 242.225693 
 203.078079 
 267.815002 
 216.172760 
 327.837982 
 253.670685 
 235.023560 
 304.521393 
 318.809082 
 412.235687 
 254.704147 
 230.935349 
 205.714096 
 221.451981 
 234.484344 
 216.501633 
 331.292908 
 258.634979 
 220.434586 
 513.643494 
 473.613495 
 301.503876 
 211.908737 
 428.583740 
 214.589050 
 258.684052 
 216.820969 
 211.855865 
 201.372299 
 456.739929 
 424.061157 
 310.985626 
 239.760147 
 232.233719 
 256.156586 
 350.788879 
 305.878479 
 216.836823 
 267.373901 
 457.956116 
 216.088547 
 241.994537 
 207.558029 
 229.463425 
 277.268250 
 401.655823 
 363.398529 
 213.743118 
 225.653564 
 206.820007 
 238.593552 
 242.324646 
 220.104355 
 280.359741 
 250.696381 
 280.678955 
 210.048325 
 240.432587 
 294.905243 
 230.978943 
 413.633575 
 246.618088 
 402.390656 
 217.707764 
 205.593475 
 234.127975 
 234.328888 
 452.591156 
 253.254135 
 273.726105 
 203.971954 
 391.283600 
 241.448364 
 252.697205 
 302.513397 
 292.373840 
 271.663300 
 231.841095 
 219.078445 
 289.708191 
 201.298965 
 254.604599 
 264.517517 
 269.204315 
 254.207550 
 236.661621 
1466.021484 
 273.702789 
 211.311722 
 202.078979 
 238.496246 
 444.648560 
 321.481934 
 270.682159 
 620.750244 
 257.466339 
 200.188171 
 207.605423 
 206.768158 
 203.848068 
 373.977295 
 215.415298 
 217.509872 
 255.805206 
 209.865280 
 244.189346 
 460.632721 
 259.798798 
 205.464142 
 200.385132 
 227.740326 
 200.757492 
 201.750961 
 278.115723 
 215.313370 
 230.306900 
 230.585403 
 323.513916 
 209.377151 
 200.269760 
 381.991791 
 322.915558 
 271.319580 
 415.369843 
 208.098557 
 398.239380 
 219.990753 
 361.112457 
 271.689362 
 610.372375 
 527.405823 
 224.847778 
 241.015686 
 353.074066 
 294.993103 
 215.164139 
 230.400864 
 634.710938 
 202.406769 
 204.798996 
 280.168945 
 269.269135 
 471.885895 
 216.048798 
 507.301971 
 226.448364 
 216.423233 
 237.728470 
 538.893799 
 220.582382 
 341.668518 
 227.613388 
 448.954712 
 333.893372 
 286.124603 
 218.142242 
 238.849350 
 262.552429 
 265.637756 
 216.869324 
 613.832886 
 273.395721 
 211.604340 
 359.208313 
 215.505234 
 740.859375 
 210.875992 
 204.538391 
 216.511566 
 277.990753 
 291.793762 
 372.680023 
 265.308838 
 550.376160 
 232.388367 
 225.817154 
 208.376770 
 253.553955 
 205.186478 
1104.791870 
 215.869446 
 240.985489 
 254.825668 
 287.595703 
 298.721191 
 213.418091 
 305.446167 
 435.144623 
 747.540466 
 242.139359 
 226.580627 
 240.687164 
 289.648132 
 203.926361 
 428.988586 
 256.192871 
 370.600433 
 220.828903 
 383.396240 
 224.799393 
 258.825684 
 281.576996 
 386.545349 
 203.187546 
 225.322830 
 274.921570 
 305.695587 
 247.993454 
 390.517914 
 522.057190 
 349.854767 
 400.579010 
 200.013260 
 280.413055 
 369.402527 
 310.720581 
 211.595291 
 333.245270 
 466.880463 
 251.258896 
 249.627487 
 333.211090 
 212.046509 
 209.064224 
 221.180389 
 281.493256 
 218.130493 
 300.150879 
 210.096924 
 270.254517 
 218.015045 
 279.483826 
 362.706665 
 263.725555 
 206.557953 
 214.716293 
 441.740631 
 229.963196 
 248.627167 
 359.768433 
 274.350189 
 218.745636 
 380.482574 
 247.620407 
 203.790100 
 223.127213 
 336.130280 
 304.333435 
 207.497589 
 407.150635 
 288.811615 
 305.840057 
 203.696030 
 240.925186 
 215.779709 
 231.426453 
 385.011322 
 244.129852 
 281.418671 
 246.587860 
 259.838715 
 262.675720 
 258.763000 
 458.545746 
 278.221161 
 221.372833 
 221.058914 
 327.516968 
 250.201706 
 210.629303 
 252.813522 
 214.400177 
 262.619720 
 412.679077 
 395.130798 
 431.136200 
 338.058228 
 212.392960 
 210.227295 
 322.748230 
 218.870056 
 246.206116 
 245.098480 
 545.361511 
 220.255280 
 243.021042 
 330.443085 
 303.585663 
 207.641418 
 227.718277 
 228.929581 
 225.523239 
 200.057404 
 226.065796 
 211.004486 
 233.464600 
 251.898514 
 217.728134 
 218.897339 
 202.444824 
 295.940491 
 257.589722 
 261.303192 
 245.856674 
 807.414856 
 500.948273 
 230.551727 
 588.323792 
 332.372650 
 248.670822 
 219.347382 
 350.454254 
 213.388412 
 207.669830 
 288.541443 
 306.496857 
 305.469788 
 223.903000 
 237.795395 
 242.439575 
 230.880493 
 277.703064 
 345.915283 
 255.024429 
 294.169556 
 264.066559 
 265.793518 
 303.356323 
 230.852829 
 497.153168 
 205.781494 
 262.547546 
 251.402954 
 222.307678 
 254.002899 
 249.474472 
 224.441742 
 203.823608 
 316.467224 
 269.804901 
 217.934113 
 324.995911 
 313.626648 
 210.225616 
 328.330353 
 267.854401 
 627.891663 
 203.623718 
 406.050598 
 274.595917 
 384.387726 
 214.576370 
 230.574341 
 316.933014 
 333.927948 
 270.513092 
 383.672333 
 228.077957 
 223.099228 
 489.499756 
 211.521591 
 289.995819 
 215.663162 
 370.796204 
 236.983261 
 400.205811 
 412.666229 
 315.017914 
 316.614532 
 228.973907 
 202.994507 
 252.015396 
 368.928070 
 386.932495 
 304.643036 
 224.846573 
 220.406540 
 394.865967 
 216.696457 
 933.822998 
 201.403259 
 291.961365 
 233.394196 
 523.288086 
 204.294510 
 207.579971 
 265.076630 
 213.259109 
 287.826660 
 251.895813 
 338.047180 
 330.631226 
 246.943878 
 232.748718 
 207.661957 
 228.218719 
 534.414795 
 527.322632 
 238.614990 
 408.753510 
 234.544525 
 243.532074 
 260.187531 
 313.356659 
 324.204620 
 249.843826 
 221.932724 
 304.215454 
 520.478088 
 218.981949 
 374.199219 
 241.372955 
 302.090302 
 214.764725 
 232.285324 
 267.070953 
1093.713257 
 325.530365 
 469.923584 
 281.333679 
 358.482178 
 219.804733 
 246.830933 
 214.004135 
 253.735779 
 203.537613 
 271.201019 
 375.018921 
 361.007935 
 227.576340 
 205.206833 
 292.258026 
 210.866043 
 225.693024 
 237.788437 
 202.655487 
 429.164093 
 204.888474 
 287.541626 
 284.869995 
 454.991974 
 227.166565 
 201.343994 
 220.904053 
 206.573105 
 207.466629 
 250.292679 
 363.216125 
 484.198212 
 270.179260 
 261.874817 
 204.990341 
 371.442719 
 223.139160 
 411.877441 
 203.546112 
 216.177444 
 384.535309 
 234.070251 
 221.667725 
 350.853516 
 201.189728 
 229.463135 
 233.268997 
 201.589584 
 233.565872 
 409.919159 
 252.084793 
 325.653107 
 363.132111 
 356.726410 
 271.163147 
 214.949112 
 398.368347 
 234.922852 
 484.494202 
 273.267883 
 292.124847 
 221.781448 
 237.334167 
 388.662262 
 555.939941 
 241.848495 
 205.343613 
 214.071060 
 201.789688 
 313.036041 
 265.568085 
 481.133087 
 204.324142 
 300.575775 
 254.430878 
 211.562347 
 246.261276 
 338.733551 
 261.156189 
 213.891220 
 275.241119 
 202.613083 
 210.368179 
 234.005508 
 200.572723 
 223.964111 
 209.672729 
 463.561676 
 343.483490 
 221.250702 
 294.516388 
 314.612793 
 636.361938 
 231.481369 
 497.868774 
 504.091736 
 223.100891 
 277.422516 
 200.288071 
 312.548004 
 328.873016 
 233.944870 
 344.613922 
 201.821640 
 230.915451 
 409.697540 
 201.625946 
 245.207108 
 322.521637 
 327.205170 
 262.355957 
 227.197556 
 295.933075 
 347.534546 
 742.717529 
 278.907593 
 234.186188 
 207.872406 
 346.885498 
 210.641022 
1770.341187 
 736.024475 
 337.724091 
 673.417725 
 225.579041 
 241.348389 
 612.027954 
 227.127335 
 437.467407 
 208.512436 
 336.263977 
 260.338196 
 233.052017 
 404.825958 
 209.659073 
 207.902771 
 312.521698 
 213.135742 
 313.702545 
 221.050079 
 318.677612 
 220.216187 
 285.141998 
 202.187469 
 213.652740 
 233.497559 
 200.440506 
 216.293396 
 222.618393 
 267.276154 
 202.605927 
 340.606903 
 984.101074 
 441.915466 
 319.231110 
 455.622620 
 630.347107 
 216.375809 
 229.117844 
 571.297424 
 322.708130 
 203.485229 
 255.689468 
 255.501511 
 291.451508 
 283.954376 
 207.932404 
 291.007538 
 278.880768 
 211.658615 
 235.163712 
 228.957367 
 316.661438 
 207.282837 
 278.288849 
 327.073364 
 201.336899 
 217.136093 
 213.972687 
 214.786575 
 299.749969 
 452.739807 
 207.306854 
 215.651962 
 355.630859 
 223.149521 
 206.393860 
 231.626236 
 263.511566 
 355.002655 
 237.286560 
 331.751343 
 208.785843 
 235.982056 
 413.302063 
 259.967651 
 226.949280 
 255.285919 
 590.594971 
 209.202560 
 280.157654 
 225.316299 
 326.876404 
 206.605881 
 505.852509 
 301.849670 
 291.778442 
 424.546082 
 208.795975 
 208.112930 
 602.179504 
 212.392181 
 221.758026 
 221.213226 
 217.159775 
 278.712463 
 319.420746 
 653.062134 
 344.078491 
 276.246521 
 253.365814 
 274.610901 
 221.059372 
 246.089447 
 215.848434 
 374.238739 
 267.180450 
 200.516876 
 341.491547 
 215.185654 
 230.613937 
 202.665451 
 237.370575 
 217.610168 
 260.269653 
 212.265289 
 261.879761 
 304.830536 
 212.619064 
 496.895569 
 239.900360 
 200.252869 
 394.109253 
 271.539276 
 203.444702 
 235.037323 
 214.396530 
 204.529099 
 202.672226 
 254.260147 
 357.277588 
 611.701355 
 460.818878 
 300.182800 
 426.105652 
 209.595459 
 231.563980 
 409.266907 
 439.543396 
 255.323257 
 215.653381 
 249.302811 
 248.800964 
 216.730103 
 365.509888 
 520.960693 
 216.682739 
 427.132782 
 296.864594 
 325.656372 
 224.975876 
 333.258240 
 237.126770 
 242.773621 
 222.158264 
 376.920380 
 508.021729 
 265.791077 
 311.652771 
 239.954117 
 309.118073 
 424.401154 
 264.316589 
 213.631332 
 422.967468 
 235.282410 
 412.585754 
 218.008377 
 279.059235 
 234.902313 
 289.745728 
 244.924942 
 217.705231 
 528.129700 
 234.310349 
 270.283844 
 216.417419 
 261.185547 
 279.666351 
 201.689835 
 219.366165 
 253.133759 
 318.616211 
 203.433014 
 217.555954 
 214.106064 
 236.694611 
 228.772736 
 360.930908 
 247.425552 
 245.328293 
 325.438629 
 294.640625 
 239.508072 
 297.325897 
 253.580704 
 254.532120 
 445.760284 
 274.155945 
 205.232300 
 232.925629 
 208.223526 
 212.595398 
 232.011169 
 552.822876 
 224.835846 
 392.466125 
 264.296844 
 202.532822 
 452.705627 
 340.325562 
 215.894165 
 231.204254 
 269.471588 
 241.020233 
 291.659241 
 310.879425 
 209.181747 
 257.869263 
 244.510635 
 279.858704 
 271.988129 
 233.487778 
 447.602173 
 387.470459 
 223.638229 
 387.771667 
 201.367142 
 252.296051 
 215.884567 
 257.199249 
 335.130951 
 393.688049 
 216.912476 
 534.133179 
 200.079041 
 245.109467 
 267.753326 
 235.104980 
 314.579468 
 203.545242 
 253.447693 
 260.571198 
 211.588455 
 336.047791 
 247.444229 
 385.329407 
 213.815399 
 229.495132 
 355.546387 
 200.003387 
 229.088486 
 249.994507 
 283.656769 
 380.928497 
 264.971893 
 268.828644 
 265.553345 
 384.482361 
 255.210022 
 249.801132 
 221.177765 
 430.057404 
 217.962250 
 278.204681 
 308.134216 
 252.147934 
 223.977478 
 221.826599 
 371.993408 
 259.262573 
 244.279449 
 315.515228 
 259.313934 
 323.782745 
 218.172211 
 269.814331 
 200.604507 
 223.691162 
 227.893127 
 275.839172 
 209.684982 
 376.562683 
 239.199387 
 508.236969 
 200.229568 
 230.359100 
 269.840912 
 205.976639 
 268.885468 
 793.195007 
 219.258545 
 302.926422 
 410.836670 
 337.787567 
 377.318237 
 282.884186 
 361.163940 
 275.363800 
 210.464462 
 970.666626 
 227.783630 
 295.993073 
 482.800842 
 255.926254 
 282.364014 
 438.746613 
 206.942078 
 208.589890 
 207.040741 
 205.321609 
 314.910309 
 220.257477 
 203.675461 
 274.739441 
 378.076874 
 241.350571 
 309.327332 
 226.298264 
 227.564865 
 210.183670 
 294.665009 
 261.082489 
 313.126801 
 251.193329 
 277.399536 
 655.717957 
 234.154892 
 228.996155 
 346.029846 
 208.119110 
 240.945923 
 253.757935 
 295.579407 
 220.449051 
 238.873474 
 422.301147 
 369.041931 
 223.203217 
 261.122070 
 210.753799 
 234.898376 
 241.579285 
 309.158447 
 323.299347 
 229.023178 
 246.266342 
 350.206024 
 204.904984 
 299.025482 
 215.166641 
 339.602875 
 460.147278 
 200.810089 
 562.892151 
 245.128250 
 247.306534 
 272.237152 
 222.221603 
 220.860382 
 259.755463 
 441.071747 
 258.015900 
 247.822891 
 212.898483 
 375.902466 
 215.039902 
 470.216461 
 259.747284 
 216.823730 
 501.771912 
 556.093262 
 243.825546 
 273.952057 
 305.730255 
 212.507004 
 217.921280 
 242.688644 
 327.763611 
 295.329102 
 375.792450 
 214.767014 
 285.183624 
 239.476700 
 222.549301 
 301.105743 
 219.792877 
 359.001038 
 214.456253 
 401.555176 
 229.042877 
 232.802109 
 231.122955 
 205.019348 
 380.194244 
 207.826401 
 291.341217 
 266.363739 
 233.517639 
 271.838409 
 477.880798 
 286.822021 
 256.060272 
 210.741623 
 672.715759 
 215.949387 
 205.071487 
 230.610809 
 346.071777 
 329.712708 
 206.613098 
 216.572083 
 225.317245 
 212.722794 
 262.467712 
 228.611725 
 230.318329 
 228.481018 
 202.659485 
 213.336563 
 252.445969 
 243.689819 
 237.608887 
 264.286194 
 252.462204 
 322.745667 
 394.850861 
 229.631470 
 233.074448 
 380.525848 
 360.459106 
 203.437393 
 403.645782 
 315.441772 
 215.866180 
 219.448532 
 354.163727 
 548.825623 
 611.269226 
 243.369293 
 204.923584 
 202.238693 
 343.548004 
 312.942688 
 232.382294 
 440.063782 
 287.535004 
 317.096222 
 231.833466 
 222.807098 
 212.359222 
 242.934464 
 205.377090 
 204.166122 
 206.829498 
 228.549759 
 213.605698 
 249.396042 
 212.907074 
 240.906204 
 451.755402 
 244.590714 
 293.063660 
 383.427704 
 206.627563 
 486.736359 
 357.375977 
 206.826965 
 427.446686 
 241.227173 
 212.165375 
 487.890839 
 228.934387 
 278.628113 
 250.539444 
 348.071075 
 300.975983 
 203.214874 
 571.083130 
 214.330643 
 276.635437 
 235.330231 
 489.492981 
 217.043869 
 391.822449 
 304.368866 
 205.215027 
 340.749847 
 287.029816 
 211.205109 
 221.931213 
 320.092072 
 233.250488 
 299.545837 
 217.057556 
 329.797760 
 298.014435 
 307.329865 
 252.508926 
 240.553757 
 218.002914 
 266.438171 
 255.266846 
 220.021179 
 962.587830 
 319.898621 
 285.782288 
 446.494110 
 293.429291 
 208.349686 
 226.169754 
 207.798721 
 253.219620 
 240.122742 
 329.584839 
 208.506531 
 397.363586 
 367.222992 
 247.832672 
 284.466644 
 227.138962 
 549.240662 
 286.475464 
 220.478683 
 250.153900 
 243.959061 
 286.184143 
 294.794830 
 250.580856 
 204.054642 
 214.017670 
 221.969254 
 240.591675 
 206.584946 
 260.852539 
 253.522415 
 233.809677 
 208.769958 
 217.755692 
 351.623718 
 200.249481 
 373.892731 
 221.324356 
 200.081268 
 571.578430 
 230.332550 
 238.106979 
 294.021912 
 236.346359 
 235.978043 
 241.102890 
 221.470657 
 383.491516 
 222.438797 
 302.584412 
 236.367477 
 334.815308 
1332.228149 
 213.320282 
 318.700500 
 391.221222 
 354.652466 
 371.886932 
 274.287415 
 260.237823 
 247.502319 
 273.749237 
 221.515915 
 250.974564 
 209.063797 
 346.667267 
 208.191208 
 361.754456 
 523.857849 
 221.812927 
 219.354797 
 214.958389 
 263.467529 
 265.708130 
 251.450134 
 200.184647 
 292.453979 
 244.357407 
 219.526184 
 305.170227 
 242.166214 
 205.045914 
 228.133209 
 252.760376 
 659.033997 
 216.658981 
 384.517029 
 301.373535 
 281.295654 
 340.297791 
 253.950272 
 487.876099 
 205.753860 
 254.302094 
 206.049149 
 244.357071 
 201.746750 
 549.073914 
 230.286728 
 302.146759 
 755.025024 
 317.426422 
 278.817535 
 248.122528 
 233.732758 
 334.984863 
 278.172668 
 243.099808 
 205.046844 
 434.659027 
 207.912354 
 287.369232 
 379.224640 
 465.498047 
 249.896164 
 341.070251 
 296.426483 
 262.300690 
 440.045868 
 311.525452 
 311.538544 
 339.121429 
 214.047394 
 356.671539 
 295.596619 
 461.119629 
 228.830399 
 381.033081 
 259.359924 
 212.609421 
 215.339676 
 232.252975 
 220.313446 
 289.161224 
 273.559662 
 810.432800 
 209.608154 
 871.455322 
 280.254608 
 217.151352 
 233.434326 
 215.491333 
 402.673798 
 277.256287 
 211.089386 
 215.351044 
 289.503143 
 280.337280 
 341.429626 
 240.374771 
 228.174744 
 236.457062 
 269.791595 
 205.794434 
 238.383972 
 374.661774 
 241.611313 
 202.361511 
 251.395767 
 222.975906 
 243.638931 
 233.984970 
 248.624390 
 299.462097 
 266.799805 
 266.418732 
 291.988220 
 275.396484 
 366.718567 
 252.855682 
 241.599792 
 264.863708 
 325.001099 
 270.666901 
 202.417114 
 236.453110 
 243.110458 
 226.615875 
 255.753433 
 327.456604 
 257.503021 
 205.873016 
 250.109024 
 382.671509 
 283.131165 
 475.214478 
 230.675797 
 271.025940 
 246.111740 
 433.523773 
 380.737488 
 209.417343 
 212.335922 
 284.231415 
 207.391342 
 466.600983 
 266.914825 
 212.967606 
 263.187927 
 305.765076 
 325.505615 
 502.020020 
 310.279510 
 398.929382 
 222.273697 
 248.711594 
 212.501770 
 340.594299 
 202.464218 
 273.206482 
 255.356476 
 348.382385 
 323.453583 
 235.215881 
 349.486511 
 317.662842 
 339.922668 
 206.519073 
 359.013855 
 221.124390 
 299.846039 
 279.039062 
 302.412506 
 209.832642 
 290.683014 
 227.643906 
 221.382355 
 277.766754 
 206.378723 
 204.281006 
 448.796387 
 554.233093 
 556.632019 
 301.155121 
 244.142441 
 489.703247 
 240.678787 
 213.036743 
 456.312225 
 433.460510 
 322.475098 
 232.178131 
 334.377838 
 260.452972 
 221.211823 
 311.859467 
 213.459320 
 570.363831 
 240.124863 
 393.910767 
 204.483231 
 673.320190 
 217.349960 
 209.832474 
 272.271210 
 255.558853 
 383.970917 
 588.589722 
 219.646194 
 351.636200 
 345.566437 
 346.910614 
 213.527023 
 205.287659 
 269.462677 
 309.022156 
 209.372910 
 226.276688 
 313.279236 
 216.928818 
 227.225204 
 213.380646 
 206.110138 
 231.464294 
 213.596222 
 243.565079 
 379.450806 
 241.839630 
 291.557037 
 219.613602 
 347.295776 
 226.102997 
 335.004639 
 299.473236 
 298.361908 
 278.628326 
 316.084137 
 322.885773 
 331.666901 
 215.801453 
 507.939392 
 232.437897 
 226.550156 
 220.707596 
 219.324066 
 223.128220 
 219.539093 
 388.101715 
 246.592041 
 289.822906 
 333.973846 
 217.040878 
 269.133026 
 206.228439 
 205.233521 
 243.807663 
 273.472931 
 208.411346 
 203.705887 
 248.580109 
 437.456207 
 289.696503 
 345.610229 
 251.073654 
 373.258514 
 290.021484 
 320.209076 
 255.372711 
 224.285843 
 211.445877 
 261.712494 
 207.813828 
 358.573029 
 301.687439 
 218.483978 
1403.656128 
 453.150848 
 201.204330 
 339.492065 
 575.863708 
 436.133606 
 209.463150 
 419.166748 
 228.704971 
 270.561310 
 383.339661 
 262.530029 
 315.600433 
 424.088898 
 402.674835 
 200.722855 
 281.165344 
 204.733795 
 242.837982 
1057.862183 
 201.723267 
 219.900803 
 266.820190 
 203.776672 
 369.518829 
 534.613708 
 311.831116 
 220.920547 
 376.008179 
 387.472626 
 232.204987 
 233.464172 
 249.378616 
 246.386749 
 230.573380 
 358.800018 
 203.941406 
 222.035751 
 317.570618 
 286.023621 
 209.892014 
 242.438400 
 379.761292 
 408.250397 
 278.621704 
 345.811157 
 258.328094 
 226.108978 
 203.548279 
 209.873093 
 322.411377 
 226.903030 
 209.687958 
 226.583832 
 431.699951 
 460.101379 
 286.496033 
 275.817108 
 210.413544 
 229.361603 
 209.081131 
 528.306091 
 369.341492 
 606.251282 
 256.204468 
 226.141495 
 352.785278 
 225.900558 
 210.225601 
 249.643066 
 234.891632 
 237.663956 
 212.381546 
 230.470764 
 295.529388 
 226.108444 
 205.542023 
 418.994263 
 217.109253 
 320.460419 
 229.975784 
 203.841675 
 286.201569 
 225.654846 
 266.458313 
 341.458282 
 220.650940 
 358.658142 
 214.852875 
 209.491547 
 225.511108 
 244.344238 
 230.037979 
 612.966248 
 263.572754 
 216.200577 
 255.365021 
 200.899704 
 202.653976 
 208.587311 
 202.313080 
 224.849396 
 339.773956 
 441.035248 
 270.115295 
 268.832123 
 250.535263 
 201.887970 
 218.045273 
 231.928894 
 282.658112 
 689.979065 
 599.047974 
 205.382050 
 352.095825 
 209.754089 
 230.578217 
 254.910248 
 202.975113 
 334.187042 
 225.548065 
 245.599640 
 205.508316 
 382.711731 
 253.921097 
 348.378387 
 248.227280 
 301.463928 
 426.122101 
 562.183838 
 406.331726 
 200.036514 
 240.435242 
 210.703918 
 707.498108 
 332.902649 
 450.091766 
 262.037170 
 267.738342 
 316.859131 
 230.206604 
 230.005432 
 344.276855 
 204.964981 
 266.775574 
 295.136566 
 257.022552 
 255.977798 
 266.961639 
 510.216522 
 283.622559 
 272.375397 
 323.442963 
 456.451538 
 253.326172 
 249.780624 
 236.140564 
 287.789490 
 215.214584 
 243.222855 
 265.734039 
 263.697113 
 242.114548 
 204.464066 
 266.874817 
 387.674500 
 409.530121 
 251.443848 
 213.035263 
 203.286758 
 323.814514 
 418.009796 
 210.405197 
 221.425171 
 216.998993 
 277.646973 
 243.039871 
 269.558044 
 267.553284 
 219.139343 
 276.613983 
 560.701111 
 238.771744 
 208.002426 
 204.569702 
 272.716644 
 282.524323 
 215.404968 
 564.069702 
 239.640503 
 266.054810 
 236.539062 
 370.785919 
 498.738953 
 284.453796 
 221.676773 
 218.875137 
 239.191788 
 231.481735 
 209.158463 
 221.325134 
 507.018921 
 238.805969 
 221.706924 
 393.854248 
 202.717331 
 216.699356 
 329.324371 
 216.029587 
 247.905426 
 227.178024 
 268.604065 
 257.261353 
 200.511200 
 203.030548 
 274.885406 
 201.106018 
 209.378891 
 243.476639 
 307.397736 
 579.745544 
 425.199707 
 218.418121 
 230.652161 
 222.726303 
 363.400299 
 236.800018 
 251.503494 
 201.766541 
 245.546188 
 201.897339 
 221.386322 
 230.706482 
 218.366028 
 252.089203 
 276.494537 
 279.965973 
 204.203995 
 223.388184 
 206.209061 
 226.260513 
 240.486862 
 230.847122 
 301.728943 
 447.366211 
 228.381989 
 360.652191 
 225.216904 
 234.309677 
 205.340271 
 206.739944 
 201.499817 
 416.710632 
 417.507446 
 265.977051 
 214.645477 
 207.683762 
 206.042770 
 257.877991 
 201.939865 
 201.345459 
 214.526596 
 340.447510 
 458.033539 
 200.818481 
 216.878357 
 222.514114 
 233.671417 
 231.285355 
 234.169861 
 253.003677 
 283.232422 
 230.189865 
 287.578979 
 211.592514 
 213.639832 
 209.727753 
 200.229309 
 313.386749 
 216.570267 
 265.857513 
 384.683655 
 310.465393 
 208.227295 
 209.415009 
 229.169373 
 312.431763 
 225.891785 
 555.463867 
 231.908340 
 249.172394 
 378.189301 
 275.618927 
 213.406601 
 211.548355 
 233.499863 
 228.806122 
 309.649078 
 269.243103 
 202.931808 
 206.676102 
 220.141327 
 329.813690 
 482.879211 
 291.731476 
 250.026749 
 202.619766 
 251.641891 
 396.148071 
 300.728333 
 217.209549 
 228.719849 
 306.352997 
 277.527863 
 282.518463 
 292.908691 
 319.929199 
 264.524200 
 269.468109 
 221.535034 
 235.547577 
 312.379425 
 243.404312 
 443.585846 
 224.199219 
 209.604675 
 211.922379 
 303.640259 
 217.120407 
 366.440277 
 299.247955 
 211.944885 
 257.597687 
 201.070862 
 215.990814 
 297.241608 
 290.058044 
 303.602142 
 238.971573 
 218.851837 
 456.011749 
 275.572296 
 265.664215 
 685.216431 
 543.009460 
 203.275223 
 207.176102 
 213.267609 
 206.088104 
 213.239365 
 255.411011 
 203.900192 
 296.109558 
 246.774033 
 206.991196 
 228.055298 
 445.632874 
 318.048462 
 208.313812 
 202.797684 
 222.025482 
 285.478851 
 264.529510 
 234.087769 
 211.078201 
 204.844742 
 240.329391 
 229.517395 
 248.194092 
 231.347672 
 222.898972 
 211.190872 
 266.216705 
 225.028061 
 384.215485 
 417.197174 
 211.696533 
 309.801453 
 275.289978 
 213.421585 
 270.744324 
 202.263397 
 296.562073 
 216.381561 
 226.523376 
 211.332016 
 447.183777 
 283.294464 
 236.687027 
 217.764847 
 232.356522 
 223.449127 
 219.913193 
 277.197266 
 292.693481 
 287.251465 
 272.171051 
 317.904816 
 237.348999 
 327.673828 
 249.483185 
 208.592804 
 213.851791 
 247.643387 
 300.589935 
 357.227417 
 344.457275 
 222.079575 
 237.816132 
 566.501099 
 210.107330 
 219.066711 
 697.044250 
 377.398956 
 210.675430 
 244.898148 
 334.433105 
 247.771027 
 335.687653 
 547.037842 
 342.250977 
 244.892303 
 208.466003 
 206.837921 
 286.373322 
 254.670364 
 593.416992 
 205.613388 
 252.245941 
 525.369934 
 251.782425 
 202.464569 
 262.156616 
 357.100464 
 242.199570 
 304.173065 
 205.704483 
 235.302063 
 295.410797 
 252.062729 
 292.770813 
 218.928543 
 284.670868 
 214.468582 
 308.648773 
 577.709045 
 256.584290 
 244.350220 
 200.811279 
 228.867050 
 272.418091 
 334.489685 
 267.905304 
 384.052032 
 266.906677 
 232.191208 
 219.863693 
 413.905731 
 280.522949 
 289.183563 
 235.182541 
 287.775421 
 267.755981 
 531.673584 
 539.966431 
 251.317474 
 209.769257 
 208.989822 
 366.226929 
 271.947723 
 229.184921 
 212.923798 
 769.088806 
 265.317963 
 210.951599 
 281.382111 
 309.449280 
 221.443573 
 560.101929 
 264.836029 
 210.891861 
 399.965790 
 225.398849 
 203.656021 
 200.682816 
 241.673508 
 334.412170 
 200.248077 
 311.577606 
 221.079803 
 339.714020 
 282.348053 
 259.560150 
 326.566803 
 611.712891 
 271.981415 
 217.378052 
 250.878418 
 274.275574 
 395.279449 
 213.137512 
 233.333466 
 266.684784 
 258.526123 
 441.884125 
 341.464752 
 202.872467 
 262.402863 
 261.050598 
 350.032623 
 277.335938 
 280.648376 
 239.638824 
 324.643219 
 271.627655 
 232.239761 
 203.157288 
 238.799866 
 245.962936 
 210.760239 
 253.493073 
 390.371582 
 238.930664 
 279.808563 
 240.654739 
 216.385056 
 337.717590 
 227.441711 
 284.044861 
 350.898926 
 280.990753 
 273.162231 
 323.550385 
 447.581482 
 371.742828 
 308.102814 
 221.895615 
 310.774719 
 223.885025 
 272.701019 
 245.278854 
 206.346680 
 222.143814 
 228.768738 
 330.612854 
 201.771149 
 216.870819 
 279.076569 
 200.527206 
 228.440170 
 231.074097 
 255.420151 
 347.090546 
 481.322937 
 221.669449 
 263.938538 
 201.818924 
 375.505524 
 200.842529 
 210.729126 
 307.826843 
 206.205414 
 315.152740 
 210.561874 
 287.173157 
 232.924698 
 244.179382 
 381.969208 
 459.563904 
 284.820282 
 200.814957 
 204.110321 
 247.989609 
 671.571716 
 427.403656 
 712.278259 
 319.802338 
 307.203430 
 276.744904 
 304.509033 
 214.065704 
 227.860397 
 251.003937 
 311.067963 
 203.402176 
 255.409607 
 201.104050 
 290.344910 
 298.535614 
 230.540985 
 383.571930 
 222.601135 
 320.194672 
 342.206116 
 230.650345 
 232.251801 
 225.066711 
 239.792572 
 219.926956 
 251.312759 
 268.886017 
 366.283173 
 377.678131 
 204.852234 
 206.768433 
 213.507980 
 206.738434 
 217.220322 
 334.357483 
 228.251389 
 260.536194 
 400.609924 
 304.435181 
 374.198700 
